0.41069 -0.911775 -2.60472e-05 -20.8109
0.911775 0.41069 -2.24551e-05 -44.0155
3.11237e-05 -1.45256e-05 1 8.82244
0 0 0 1

0.990703 -0.136043 -0.000122353 -39.6035
0.136043 0.990703 7.42237e-05 44.1862
0.000111109 -9.01981e-05 1 8.82429
0 0 0 1

-0.972874 -0.229236 -0.0310746 -14.6161
-0.102033 0.545768 -0.831701 12.4416
0.207615 -0.80597 -0.554354 11.3778
0 0 0 1

0.484837 0.828019 0.281632 21.0543
-0.874602 0.458325 0.15814 25.627
0.00186374 -0.322989 0.946401 11.5708
0 0 0 1

-0.996677 -0.0814469 -0.00116299 28.5072
0.0814473 -0.996678 -0.000227257 -21.2479
-0.00114062 -0.000321193 0.999999 8.82803
0 0 0 1

-0.641162 -0.365529 0.674759 -22.937
-0.603239 0.78357 -0.148729 -12.7826
-0.474356 -0.502401 -0.722897 18.1661
0 0 0 1

-0.73971 0.243864 -0.627184 7.03658
-0.670534 -0.188602 0.717505 -6.96936
0.0566861 0.951294 0.30303 15.4809
0 0 0 1

-0.525949 0.373966 -0.763889 -2.77298
-0.419295 -0.895427 -0.14967 49.059
-0.739979 0.241576 0.627752 19.2514
0 0 0 1

0.91288 -0.186567 0.363102 -0.54301
0.393015 0.161105 -0.905309 16.739
0.110403 0.969143 0.220393 31.4463
0 0 0 1

0.505335 0.446569 -0.738385 18.6617
0.861687 -0.306921 0.404096 -75.0986
-0.0461692 -0.840461 -0.539901 11.6774
0 0 0 1

-0.936067 0.295101 -0.191556 71.505
0.311203 0.44054 -0.842067 -23.407
-0.164106 -0.847844 -0.504211 12.1654
0 0 0 1

-0.0150994 0.431537 0.901969 -61.2964
0.982258 -0.162238 0.0940646 -47.972
0.186926 0.887386 -0.421431 13.4851
0 0 0 1

-0.936599 0.271951 0.220964 74.3506
0.317994 0.394794 0.861985 16.5706
0.147182 0.877599 -0.456242 12.8281
0 0 0 1

-0.0312972 -0.480978 -0.876174 51.0609
-0.963527 -0.218576 0.154405 -53.8395
-0.265776 0.849049 -0.456594 12.9985
0 0 0 1

-0.67089 0.377132 0.638496 -2.8565
-0.677273 -0.662276 -0.320456 -52.4435
0.302006 -0.647427 0.699736 18.518
0 0 0 1

-0.745385 -0.662126 0.0774011 74.3541
0.590771 -0.602299 0.536867 -3.68112
-0.308854 0.445899 0.840109 21.5517
0 0 0 1

-0.285821 0.554685 0.781428 43.2032
-0.653347 0.483742 -0.58235 10.3168
-0.70103 -0.676992 0.224138 18.4009
0 0 0 1

-0.967696 0.0502216 -0.247067 57.2788
0.242876 0.448613 -0.860092 50.3447
0.0676423 -0.892314 -0.446319 13.1
0 0 0 1

0.588842 -0.807507 0.0346037 -63.6046
0.806721 0.589821 0.0362347 -6.1522
-0.0496697 0.00657901 0.998744 9.27286
0 0 0 1

0.868075 0.496433 0.000573233 3.19791
-0.318937 0.558585 -0.765678 -26.1854
-0.380428 0.664482 0.643224 33.4199
0 0 0 1

