0.439611 0.826628 0.351324 30.8163
0.604342 -0.561588 0.565146 4.08689
0.664465 -0.0361245 -0.746446 5.67684
0 0 0 1

0.951209 0.0183529 -0.307999 28.0426
0.284402 -0.439251 0.852158 -52.0947
-0.11965 -0.898177 -0.42304 12.7169
0 0 0 1

0.796217 0.575318 0.187208 -11.1362
0.423547 -0.309092 -0.851511 -55.3981
-0.432025 0.757279 -0.489779 12.4356
0 0 0 1

0.798545 -0.599284 -0.0564375 -17.0256
0.597664 0.800536 -0.0440491 19.0059
0.0715781 0.00144449 0.997434 6.91186
0 0 0 1

0.0735269 -0.991442 -0.107876 17.929
0.967351 0.0972075 -0.234056 -15.7026
0.24254 -0.0871448 0.96622 12.9247
0 0 0 1

-0.0347385 -0.181802 0.982721 81.6074
-0.834982 0.545622 0.0714231 10.7432
-0.549179 -0.818074 -0.170755 14.2315
0 0 0 1

-0.78843 0.460715 -0.407577 66.0996
0.574716 0.315537 -0.755075 -36.3248
-0.219269 -0.829565 -0.513559 12.0614
0 0 0 1

0.980886 -0.0931617 -0.170831 19.5385
0.095292 -0.535463 0.839165 76.0547
-0.169652 -0.839404 -0.516351 11.7246
0 0 0 1

-0.748077 0.609688 0.262032 -66.009
-0.0998236 0.286979 -0.952722 39.5055
-0.656061 -0.738866 -0.153821 16.398
0 0 0 1

0.523029 0.433353 0.733925 -43.4243
0.851273 -0.223044 -0.474959 34.3805
-0.042127 0.873188 -0.48556 12.5757
0 0 0 1

0.214367 -0.976753 -2.5332e-05 -50.9438
0.976753 0.214367 2.53479e-05 -22.8228
-1.93288e-05 -3.01506e-05 1 8.82173
0 0 0 1

-0.805952 0.154247 -0.571533 -20.745
0.581026 0.39099 -0.713817 -27.1006
0.11336 -0.907378 -0.404741 12.936
0 0 0 1

0.552694 -0.236846 -0.79902 -29.8428
-0.778376 -0.489261 -0.393388 70.4543
-0.297757 0.839361 -0.454767 12.9968
0 0 0 1

0.974553 -0.0312209 -0.221973 15.5932
-0.110574 -0.928345 -0.354893 23.193
-0.194988 0.370406 -0.908174 15.6001
0 0 0 1

0.733345 0.678274 0.0463543 -31.658
0.607943 -0.623729 -0.491292 30.3686
-0.304318 0.388467 -0.869761 31.3198
0 0 0 1

0.627796 -0.759174 0.171835 -75.5877
-0.49933 -0.223445 0.837104 5.33514
-0.597111 -0.611333 -0.519356 16.9861
0 0 0 1

0.937631 -0.315749 -0.145429 -0.564607
0.325365 0.64978 0.686967 51.407
-0.122412 -0.69144 0.711987 16.1875
0 0 0 1

-0.237823 -0.702537 0.670732 1.00642
0.881415 0.134042 0.452924 -32.4975
-0.408101 0.69891 0.587349 25.1362
0 0 0 1

0.939631 0.334612 -0.0716094 -77.3267
-0.0184224 0.258432 0.965854 -2.28806
0.341692 -0.906227 0.248995 38.94
0 0 0 1

0.86509 0.370944 0.337668 -10.057
0.349708 -0.928594 0.124168 -1.69996
0.359616 0.0106684 -0.93304 17.6223
0 0 0 1

