-0.739213 -0.321448 -0.591807 -1.93533
-0.667859 0.463103 0.582667 -41.5966
0.0867707 0.825958 -0.557013 11.2335
0 0 0 1

-0.126653 -0.521219 -0.843972 -14.4056
-0.935834 -0.219321 0.275886 -71.7054
-0.328898 0.82476 -0.459997 13.3342
0 0 0 1

0.0402966 -0.768901 -0.638097 -18.0431
-0.991483 0.0483836 -0.120915 32.5084
0.123845 0.637534 -0.760403 7.16106
0 0 0 1

-0.814783 0.577366 -0.0526967 29.2747
-0.577873 -0.8161 -0.00659297 8.79809
-0.0468123 0.0250802 0.998589 9.0048
0 0 0 1

0.505766 -0.5266 -0.683295 54.7768
-0.862669 -0.310229 -0.39945 -20.4788
-0.00162748 0.791486 -0.611185 10.4628
0 0 0 1

0.519963 0.489379 -0.700105 6.65032
0.0643702 0.794834 0.603403 54.3594
0.85176 -0.358813 0.381783 14.6497
0 0 0 1

-0.275059 0.929079 -0.247297 24.9644
-0.958387 -0.285403 -0.00626544 -29.4401
-0.0764004 0.235283 0.96892 11.4761
0 0 0 1

-0.118169 0.502946 -0.856202 -32.7907
0.96695 -0.137899 -0.214458 -27.5175
-0.22593 -0.853246 -0.470028 12.4774
0 0 0 1

0.992694 0.102848 -0.0630885 1.54809
-0.0419449 -0.1961 -0.979686 29.2116
-0.11313 0.975175 -0.190354 19.221
0 0 0 1

-0.669883 -0.607099 -0.427419 -1.61288
-0.734231 0.456169 0.502807 -12.3658
-0.110278 0.650646 -0.751331 15.5929
0 0 0 1

-0.168053 -0.784533 0.59688 -30.8956
0.900104 0.124773 0.417426 29.6696
-0.401959 0.607404 0.685193 18.6432
0 0 0 1

0.484302 0.350667 0.801551 21.0181
0.862408 -0.34561 -0.369873 -72.0061
0.147322 0.870395 -0.469798 12.6835
0 0 0 1

0.948254 -0.27267 -0.162681 -58.9032
0.272247 0.961894 -0.0253298 10.9269
0.163389 -0.0202703 0.986353 9.38217
0 0 0 1

-0.0865788 0.211737 0.973484 0.750844
-0.984353 -0.168713 -0.0508497 -73.9083
0.153473 -0.962654 0.223031 27.7843
0 0 0 1

0.242438 -0.606558 -0.757173 -55.7716
-0.68747 0.443283 -0.575226 46.6778
0.68455 0.65999 -0.309522 18.525
0 0 0 1

0.838671 -0.163891 0.519394 -70.2745
-0.535134 -0.425344 0.729873 -34.2009
0.101301 -0.890069 -0.444427 13.1384
0 0 0 1

-0.258039 -0.541977 -0.799798 13.5495
0.888732 -0.457824 0.0235086 -14.5563
-0.378908 -0.70474 0.599809 33.3961
0 0 0 1

0.639296 -0.768951 -0.0037951 -26.4737
0.468563 0.393461 -0.790972 5.15528
0.609712 0.503887 0.61184 28.3682
0 0 0 1

0.287381 -0.950823 0.11553 75.5679
-0.95496 -0.275124 0.111171 31.5574
-0.0739191 -0.142275 -0.987063 15.7693
0 0 0 1

-0.474984 -0.868517 0.141663 -37.1084
0.54888 -0.166569 0.819137 55.6212
-0.687838 0.466833 0.555829 30.8766
0 0 0 1

