-0.943459 -0.331488 3.42727e-07 -38.4998
0.331488 -0.943459 -1.02361e-05 17.0718
3.72488e-06 -9.57798e-06 1 8.82216
0 0 0 1

0.959238 0.282483 -0.00807894 31.1786
0.123021 -0.443143 -0.88797 -19.4785
-0.254416 0.850781 -0.459831 12.6318
0 0 0 1

-0.979306 0.202383 0.000859894 -8.63701
-0.202379 -0.979303 0.00295301 39.8443
0.00143975 0.00271793 0.999995 8.78285
0 0 0 1

-0.703889 -0.571719 0.421518 -0.162836
-0.221962 -0.386671 -0.895108 19.125
0.674739 -0.723618 0.145274 15.1793
0 0 0 1

-0.769911 -0.638151 9.20892e-06 -41.61
0.638151 -0.769911 -2.48392e-05 -41.4962
2.29757e-05 -1.32659e-05 1 8.82204
0 0 0 1

-0.978302 -0.129615 -0.161632 4.98524
-0.174901 0.934861 0.30894 -30.9995
0.11106 0.330507 -0.937247 14.9144
0 0 0 1

-0.119082 0.593596 -0.795904 70.711
0.989839 0.00823996 -0.141953 11.8947
-0.0777044 -0.804721 -0.588546 9.94347
0 0 0 1

0.892506 -0.450786 0.0150122 -14.7114
0.393596 0.762158 -0.514001 -14.6846
0.220263 0.464657 0.857658 14.0008
0 0 0 1

-0.744827 -0.661376 -0.088403 -33.7695
0.571532 -0.563975 -0.596056 -70.5703
0.34436 -0.494484 0.798062 17.0108
0 0 0 1

0.340785 -0.46547 0.816825 39.9162
-0.926063 -0.315993 0.206291 10.8277
0.162089 -0.826732 -0.53874 10.9866
0 0 0 1

-0.157937 0.709525 -0.686753 21.8462
0.445646 -0.569408 -0.690778 -1.1113
-0.881167 -0.415149 -0.226266 23.5802
0 0 0 1

0.0773206 -0.851069 0.51933 -76.1904
0.849811 0.328658 0.412074 -21.5467
-0.521385 0.40947 0.74866 15.4822
0 0 0 1

0.987248 -0.156825 -0.0273252 16.2212
-0.026585 -0.33167 0.943021 31.5272
-0.156953 -0.930269 -0.33161 27.9385
0 0 0 1

0.839148 0.508031 -0.194256 -25.9062
0.482794 -0.531263 0.696183 -24.4869
0.250482 -0.677986 -0.691082 34.3777
0 0 0 1

0.236699 -0.918196 -0.317632 -55.126
0.899281 0.0832918 0.429368 -9.1293
-0.367787 -0.387271 0.845431 20.2618
0 0 0 1

0.902496 0.204429 -0.37909 6.65122
0.430628 -0.412441 0.802778 -78.0599
0.00775842 -0.887751 -0.460259 12.4824
0 0 0 1

0.819793 0.530973 -0.214491 -20.6304
-0.545061 0.608609 -0.576631 3.74062
-0.175634 0.589629 0.788347 33.2257
0 0 0 1

0.988808 0.149193 1.25915e-05 -3.95921
0.0689404 -0.456842 -0.886873 82.3913
-0.13231 0.876948 -0.462014 10.7859
0 0 0 1

0.680331 -0.121977 -0.722684 -72.5602
0.074097 0.992448 -0.0977539 23.628
0.72915 0.0129563 0.684231 15.5073
0 0 0 1

-0.21006 -0.594359 -0.776281 9.31627
0.89327 -0.439425 0.0947282 0.525894
-0.39742 -0.67353 0.623229 41.2558
0 0 0 1

