-0.0513447 -0.674643 -0.736356 34.1443
-0.998509 0.0209962 0.0503877 -1.46253
-0.0185329 0.737845 -0.674715 9.08416
0 0 0 1

-0.856167 0.48126 -0.188059 1.01845
0.50499 0.856417 -0.1074 54.1198
0.10937 -0.186921 -0.976268 13.6865
0 0 0 1

-0.870589 -0.37167 0.32239 -14.6775
-0.479949 0.497336 -0.722707 -30.7153
0.108272 -0.783912 -0.611358 10.3716
0 0 0 1

-0.296955 -0.561172 0.772595 9.49046
0.954756 -0.160866 0.250126 2.03024
-0.0160798 0.811916 0.583552 10.59
0 0 0 1

0.0471375 0.462756 -0.885232 -14.6685
0.956711 0.233888 0.173209 -48.6524
0.287198 -0.855075 -0.431698 19.5449
0 0 0 1

-0.99393 -0.109844 -0.00605755 22.4305
-0.059128 0.579836 -0.812585 -45.9211
0.0927698 -0.807294 -0.582812 10.9624
0 0 0 1

0.886761 0.312296 -0.340773 -28.8432
-0.125676 -0.546569 -0.82793 18.9657
-0.444815 0.777003 -0.445428 12.983
0 0 0 1

-0.276488 -0.842509 0.462313 -19.9171
0.219077 -0.523656 -0.82328 0.333482
0.935713 -0.126345 0.329359 18.4769
0 0 0 1

0.686238 -0.493308 0.534532 -46.1631
-0.677635 -0.16649 0.716304 -63.3675
-0.264364 -0.853773 -0.448534 13.01
0 0 0 1

-0.0761521 0.793897 0.603265 31.2384
-0.891386 0.216907 -0.397972 52.2415
-0.446801 -0.568048 0.691151 17.1486
0 0 0 1

-0.660351 0.738173 0.137974 8.98797
-0.728785 -0.674261 0.11935 -3.12385
0.181131 -0.0217402 0.983219 30.2403
0 0 0 1

0.880774 0.421779 0.215265 20.6423
0.306369 -0.854188 0.42012 -30.4575
0.361074 -0.304081 -0.881567 25.4718
0 0 0 1

-0.710506 0.513224 -0.481436 73.2714
0.662474 0.257135 -0.70357 -6.87812
-0.237295 -0.81883 -0.522694 11.7213
0 0 0 1

0.81327 0.390082 0.431772 2.04077
0.581847 -0.553716 -0.595695 -38.656
0.00670905 0.735686 -0.677289 40.2822
0 0 0 1

0.0759417 -0.569887 -0.818206 -72.2323
-0.919728 -0.356987 0.16328 11.0754
-0.38514 0.740128 -0.551251 12.2025
0 0 0 1

-0.497056 -0.187991 -0.847109 -53.3278
-0.832854 -0.170588 0.526549 -9.10846
-0.243493 0.967243 -0.0717777 17.5433
0 0 0 1

0.442453 -0.893295 -0.0791151 -3.31836
0.772198 0.424355 -0.472898 34.8602
0.456011 0.148143 0.877558 28.1424
0 0 0 1

0.478208 -0.498371 0.723148 57.077
-0.828637 0.0167876 0.559535 45.5035
-0.290996 -0.866801 -0.404941 12.62
0 0 0 1

0.52882 0.562186 0.635842 -57.4928
0.734789 0.0716877 -0.674496 57.6766
-0.424775 0.823898 -0.375179 13.9905
0 0 0 1

0.814205 -0.275244 -0.511185 -3.06762
0.579638 0.335328 0.742681 3.95929
-0.0330034 -0.900997 0.432568 46.0372
0 0 0 1

