-0.901643 0.417466 -0.112968 11.1043
-0.386341 -0.894883 -0.223439 -5.86046
-0.194372 -0.157818 0.968149 6.77765
0 0 0 1

-0.552453 -0.833544 4.44055e-06 -9.43237
0.833544 -0.552453 -5.96484e-05 50.231
5.21905e-05 -2.92304e-05 1 8.82216
0 0 0 1

0.999629 0.0162441 0.0218502 2.70832
0.0131375 0.415145 -0.90966 -30.4475
-0.0238476 0.90961 0.414778 7.48966
0 0 0 1

0.564614 0.377841 0.73379 12.0033
-0.597791 0.800218 0.0479241 38.4369
-0.569084 -0.465712 0.677684 18.6789
0 0 0 1

-0.745645 0.180241 0.641504 64.0936
0.639251 0.465218 0.612315 21.7069
-0.188075 0.866652 -0.462107 12.5087
0 0 0 1

0.908521 0.0667199 0.412479 -69.7895
0.396727 -0.447569 -0.80143 -23.8487
0.131141 0.891757 -0.433095 13.1841
0 0 0 1

-0.461346 0.558325 -0.689516 -34.5204
0.867564 0.121207 -0.48233 -23.2643
-0.185723 -0.82072 -0.540301 11.1401
0 0 0 1

-0.421398 -0.576872 0.699745 42.7119
0.677545 -0.713143 -0.179889 -5.30951
0.602791 0.398303 0.691373 13.2229
0 0 0 1

0.0860916 0.873638 -0.4789 -6.04548
-0.981052 0.158081 0.112018 -23.2241
0.173569 0.460182 0.870693 26.974
0 0 0 1

-0.542859 0.641016 0.542589 -40.9425
0.821516 0.271149 0.501588 19.5978
0.174403 0.718037 -0.6738 9.1767
0 0 0 1

-0.388854 0.498041 0.775079 -12.2362
0.664688 0.734208 -0.138307 8.23732
-0.637951 0.461404 -0.616542 20.1134
0 0 0 1

-0.923644 0.16094 0.347821 30.6382
-0.253304 0.42471 -0.869171 -74.5421
-0.287608 -0.89091 -0.351514 11.2689
0 0 0 1

-0.792291 0.595877 0.131165 -41.9458
-0.586526 -0.803049 0.105357 -59.571
0.168111 0.00654169 0.985746 11.1716
0 0 0 1

0.595396 -0.65365 -0.467167 -3.8343
-0.789989 -0.370369 -0.488615 -65.1385
0.146359 0.659976 -0.736892 15.7209
0 0 0 1

-0.472837 0.880739 -0.0268929 28.1481
-0.402924 -0.243256 -0.882314 23.1088
-0.783631 -0.406355 0.469892 25.8659
0 0 0 1

0.772247 -0.264203 -0.577782 3.87165
-0.635266 -0.308924 -0.707816 76.0033
0.00851669 0.913654 -0.406404 13.1646
0 0 0 1

-0.341949 -0.545446 -0.765219 -59.5213
-0.778011 -0.292378 0.556071 -44.716
-0.527039 0.785496 -0.324384 20.5323
0 0 0 1

0.366548 0.506931 -0.780169 68.9989
0.87669 0.0925929 0.472061 -46.3254
0.31154 -0.856999 -0.410482 13.4909
0 0 0 1

-0.213107 0.727329 -0.652364 -9.49543
-0.973339 -0.10007 0.20639 32.432
0.0848316 0.678954 0.729263 40.0498
0 0 0 1

-0.704203 0.585109 -0.402176 40
-0.696787 -0.678301 0.23323 -40.6602
-0.136331 0.444472 0.885358 15.5099
0 0 0 1

