0.875749 0.26353 0.404494 11.072
0.482498 -0.505754 -0.715129 -40.2269
0.0161167 0.821441 -0.570066 10.9168
0 0 0 1

0.919316 -0.390572 -0.0480788 -5.24305
0.393091 0.905731 0.158524 46.3495
-0.0183686 -0.164633 0.986184 8.30719
0 0 0 1

0.79024 0.612797 -0.000943243 -26.3764
-0.612797 0.79024 0.000549869 -2.86084
0.00108233 0.000143563 0.999999 8.82293
0 0 0 1

0.396325 -0.905831 0.149652 21.5353
0.918034 0.388898 -0.0772732 -6.42629
0.0117972 0.168011 0.985715 8.29221
0 0 0 1

0.935917 0.192103 -0.29522 40.7973
-0.163899 -0.504364 -0.847794 67.4681
-0.311762 0.841851 -0.440558 12.8786
0 0 0 1

-0.731857 0.344237 -0.588121 -28.2246
0.24251 -0.674972 -0.696851 -33.6499
-0.636847 -0.652621 0.410502 15.3623
0 0 0 1

0.442234 -0.348088 -0.826598 -77.3543
-0.861429 -0.421463 -0.283388 0.13708
-0.249737 0.837379 -0.486238 12.0244
0 0 0 1

-0.147492 -0.734972 0.661862 -10.3555
0.850503 0.247337 0.464187 6.19203
-0.504867 0.63138 0.588616 17.5778
0 0 0 1

0.509382 -0.197277 0.837623 32.9924
0.732932 0.609515 -0.302163 -42.3555
-0.450934 0.767837 0.455066 17.9123
0 0 0 1

0.372232 0.846317 0.381038 -37.8359
-0.904534 0.238785 0.35327 -51.8677
0.207992 -0.476161 0.854406 19.3117
0 0 0 1

0.115662 -0.95787 -0.262883 -23.1246
0.894289 -0.0147593 0.447246 11.6876
-0.432284 -0.286823 0.854906 34.4734
0 0 0 1

0.91135 -0.385338 0.144763 53.0194
-0.244853 -0.224775 0.943146 45.0275
-0.330891 -0.894981 -0.2992 14.8579
0 0 0 1

0.516007 0.239763 -0.822345 -49.5393
0.812804 -0.440045 0.38172 31.2305
-0.270347 -0.865375 -0.421946 12.7283
0 0 0 1

0.559448 -0.719841 0.41091 20.2497
0.826952 0.518412 -0.217716 1.75536
-0.0562997 0.461603 0.885298 35.4175
0 0 0 1

-0.356847 -0.83667 0.415504 20.7102
-0.933531 0.303033 -0.191548 35.0591
0.0343507 -0.456239 -0.889194 15.7658
0 0 0 1

0.119554 -0.290491 0.949379 12.0057
-0.966964 -0.25091 0.0449952 39.0201
0.225138 -0.923395 -0.310892 32.985
0 0 0 1

0.771588 0.485801 0.410669 8.29005
0.563011 -0.221037 -0.796342 -77.0734
-0.296091 0.845659 -0.444061 12.4053
0 0 0 1

-0.980097 0.0886268 -0.177636 -1.35799
-0.10333 0.536288 0.837686 -30.5074
0.169506 0.839369 -0.516457 34.3508
0 0 0 1

0.589703 -0.804865 0.066659 -32.03
0.443808 0.391909 0.80588 47.137
-0.674748 -0.445646 0.588315 29.4067
0 0 0 1

-0.564359 -0.825054 0.0280007 -46.1322
0.054049 -0.0707741 -0.996027 -17.1598
0.823758 -0.560603 0.0845354 36.7819
0 0 0 1

