-0.387432 -0.919235 -0.070022 22.6333
0.921375 -0.383535 -0.0629991 11.09
0.031055 -0.0889244 0.995554 7.48957
0 0 0 1

0.687445 0.725131 -0.040057 -29.41
-0.724841 0.688497 0.0240342 -8.52183
0.045007 0.0125127 0.998908 8.90219
0 0 0 1

0.396912 0.483253 -0.780338 40.6065
0.912754 -0.297338 0.280126 -23.2769
-0.0966528 -0.823442 -0.559108 11.1244
0 0 0 1

0.568733 0.0818258 -0.818442 -15.8474
-0.444214 -0.806894 -0.389354 29.8702
-0.692255 0.585002 -0.422559 13.4161
0 0 0 1

0.60555 -0.722686 0.333218 6.57924
0.703615 0.290581 -0.648451 -20.1229
0.3718 0.627127 0.684454 4.90144
0 0 0 1

-0.557376 -0.628788 0.542179 -33.9261
0.622779 -0.748493 -0.227824 17.2987
0.54907 0.210674 0.808788 31.4054
0 0 0 1

-0.836459 0.547465 0.0248429 70.854
-0.547304 -0.836825 0.0134924 32.1327
0.0281757 -0.00231067 0.9996 9.20168
0 0 0 1

0.925781 0.37568 0.0423641 -69.9879
0.204948 -0.404546 -0.891257 -29.5364
-0.317689 0.833791 -0.451515 13.0203
0 0 0 1

0.0933574 0.581892 -0.80789 -75.1872
0.983925 -0.177991 -0.0145004 5.53051
-0.152235 -0.79355 -0.589155 9.72939
0 0 0 1

0.897399 -0.441219 -2.90573e-06 -35.7428
0.441219 0.8974 -2.68658e-05 58.1691
1.44883e-05 2.28082e-05 1 8.82226
0 0 0 1

-0.0465562 -0.998703 -0.0206219 -49.9805
0.845594 -0.0284115 -0.533071 20.0425
0.531793 -0.0422555 0.845819 17.0002
0 0 0 1

-0.21087 0.97551 0.062567 37.9637
-0.971522 -0.216224 0.0969195 44.1442
0.108074 -0.0403478 0.993324 10.7939
0 0 0 1

0.0899863 0.972685 0.213978 -50.093
-0.990459 0.109916 -0.0831198 -57.5269
-0.104369 -0.204457 0.973296 11.9355
0 0 0 1

0.914775 0.402393 -0.0355866 -20.0899
0.373433 -0.875946 -0.305397 -48.8036
-0.154062 0.266081 -0.95156 15.718
0 0 0 1

-0.598803 -0.665536 0.44553 18.5054
-0.730291 0.682111 0.0374132 15.5621
-0.328801 -0.302964 -0.894485 36.7784
0 0 0 1

0.944838 -0.327537 1.42157e-05 -4.28903
0.327537 0.944838 -0.00123642 -75.19
0.000391542 0.00117288 0.999999 8.81107
0 0 0 1

0.173261 -0.972657 0.154655 -17.0818
0.968768 0.140029 -0.204646 -23.3758
0.177394 0.185282 0.966541 30.3463
0 0 0 1

0.633838 0.752096 0.180559 -0.875445
-0.745765 0.656167 -0.115234 -2.54779
-0.205143 -0.0616151 0.97679 25.4328
0 0 0 1

0.619763 0.0559182 0.782794 18.4477
0.530062 0.705733 -0.47008 -77.9628
-0.57873 0.706268 0.407747 18.1561
0 0 0 1

0.410107 0.643253 -0.646559 -59.4294
-0.569367 -0.373236 -0.732472 -1.69735
-0.712484 0.668521 0.21318 24.4875
0 0 0 1

