0.848256 -0.529478 -0.0106943 1.8089
0.527549 0.84659 -0.0705472 62.2391
0.0464068 0.0542003 0.997451 9.09731
0 0 0 1

-0.784323 -0.139337 0.604502 0.981861
-0.557721 0.585064 -0.588768 26.1217
-0.271635 -0.798928 -0.53659 11.3765
0 0 0 1

-0.0284244 -0.999595 -0.00087291 34.8608
0.999595 -0.0284232 -0.0013182 5.09414
0.00129284 -0.000910045 0.999999 8.82361
0 0 0 1

-0.248139 -0.967586 0.0469467 -26.0515
0.964225 -0.251362 -0.0841899 -3.44869
0.0932616 0.0243764 0.995343 7.281
0 0 0 1

-0.73786 0.674954 -4.61936e-06 58.6992
-0.674954 -0.73786 1.25925e-05 -24.1872
5.1263e-06 1.24847e-05 1 8.82244
0 0 0 1

0.991251 0.131064 -0.0156389 3.96871
-0.124215 0.966335 0.225317 -79.2812
0.0446432 -0.221403 0.97416 8.80455
0 0 0 1

0.804029 -0.594524 -0.00880658 57.0317
-0.074514 -0.0860555 -0.9935 -52.3688
0.589902 0.799459 -0.113492 16.6934
0 0 0 1

-0.489922 -0.871766 -5.0962e-06 -41.8043
0.871766 -0.489923 -2.39452e-05 53.3641
1.84261e-05 -1.62339e-05 1 8.82211
0 0 0 1

-0.705674 0.593485 0.387038 -71.5813
-0.607629 -0.787868 0.100248 -16.1542
0.364431 -0.164433 0.916598 12.3098
0 0 0 1

-0.139989 -0.871506 -0.469979 13.6898
0.979378 -0.191708 0.063774 -26.3821
-0.145678 -0.45136 0.880371 9.17142
0 0 0 1

0.975181 0.108556 -0.192971 40.784
-0.113833 -0.501725 -0.857505 63.0313
-0.189906 0.858189 -0.476915 12.6764
0 0 0 1

-0.071176 0.744 0.664378 21.4532
-0.926576 0.197294 -0.320205 15.7384
-0.369311 -0.638387 0.67533 22.5985
0 0 0 1

0.895528 0.178754 0.407524 19.4063
0.20619 0.644865 -0.735958 -56.6926
-0.394354 0.743099 0.540638 17.8991
0 0 0 1

-0.504294 0.488185 -0.712294 -2.75504
-0.836171 -0.482056 0.261611 -9.4747
-0.215651 0.727528 0.651304 17.8061
0 0 0 1

0.0507807 0.5802 0.812889 -26.13
-0.178411 -0.795576 0.578989 -56.2905
0.982645 -0.17443 0.063114 20.6905
0 0 0 1

0.890772 0.334485 -0.307645 -52.2275
0.433619 -0.422963 0.795661 -41.4229
0.136014 -0.842153 -0.521803 11.8822
0 0 0 1

-0.391924 -0.511209 -0.764893 -18.5087
0.91568 -0.136297 -0.378092 45.2354
0.0890312 -0.84858 0.521522 19.9825
0 0 0 1

0.626265 -0.109917 -0.771823 56.5844
0.771781 0.227362 0.593852 -56.9885
0.110209 -0.967587 0.22722 36.3176
0 0 0 1

-0.032622 0.16814 0.985223 26.2894
0.932604 -0.349369 0.0905038 -0.185968
0.359424 0.921775 -0.145411 34.0308
0 0 0 1

-0.999564 0.029512 -8.22358e-06 67.1792
-0.029512 -0.999564 -2.54711e-06 30.2001
-8.29751e-06 -2.42788e-06 1 8.82244
0 0 0 1

