-0.204243 0.609207 0.766258 -63.5884
0.978912 0.130427 0.157229 -6.80166
-0.00415583 0.782212 -0.622999 10.2349
0 0 0 1

0.682189 -0.356777 0.638223 -4.11112
-0.623409 -0.739927 0.252723 -26.5211
0.382073 -0.570279 -0.727188 8.20924
0 0 0 1

0.0455717 0.99718 0.059629 28.4244
-0.998863 0.0446477 0.0167409 13.4663
0.0140313 -0.0603242 0.99808 7.82908
0 0 0 1

0.896235 0.377918 0.232253 35.8885
0.374971 -0.365741 -0.851839 -45.719
-0.236981 0.850536 -0.469498 12.5381
0 0 0 1

0.872001 -0.178506 -0.455796 3.52493
0.143008 0.983416 -0.111547 34.1171
0.468148 0.0320862 0.883067 11.2473
0 0 0 1

0.615552 -0.779836 0.113802 -30.752
0.767672 0.560655 -0.310395 0.723305
0.178254 0.278427 0.943771 5.54739
0 0 0 1

-0.731212 0.208849 -0.649393 -37.642
-0.669333 -0.0359886 0.74209 -17.344
0.131614 0.977286 0.166105 21.4955
0 0 0 1

0.713417 -0.700739 -1.17421e-05 -64.6768
0.700739 0.713417 -8.56718e-06 48.5114
1.43953e-05 -2.11458e-06 1 8.82206
0 0 0 1

-0.0266204 -0.931801 -0.361991 4.45538
0.922728 0.116391 -0.367458 2.84912
0.384531 -0.343801 0.856701 8.69775
0 0 0 1

0.380075 0.924862 0.0131656 -27.0191
-0.924817 0.380226 -0.0118887 63.8432
-0.0160013 -0.00765727 0.999843 9.18251
0 0 0 1

-0.0561715 -0.527921 0.847434 74.0028
-0.993933 0.109959 0.00261857 -27.9815
-0.0945653 -0.842145 -0.530895 11.5358
0 0 0 1

0.090062 0.549743 0.830464 47.4271
-0.930197 0.34436 -0.127079 -0.873171
-0.355839 -0.761051 0.542384 14.2989
0 0 0 1

-0.539592 0.137624 -0.830602 24.6146
0.599739 -0.629563 -0.493927 -29.4349
-0.590892 -0.764664 0.257169 22.1535
0 0 0 1

-0.554275 -0.548673 -0.625888 -43.0288
-0.817496 0.500214 0.285457 29.3165
0.156456 0.669883 -0.725795 14.7428
0 0 0 1

0.452415 -0.476659 0.753735 -29.0155
0.841432 0.508189 -0.183677 18.264
-0.295488 0.717315 0.630988 20.9348
0 0 0 1

-0.85945 0.00310651 -0.511211 -51.2892
0.455221 0.459706 -0.762525 -64.0732
0.232638 -0.888066 -0.396508 14.0594
0 0 0 1

-0.961934 -0.212234 0.172161 -7.82552
0.184319 -0.968977 -0.16465 9.86311
0.201764 -0.12665 0.971211 36.8033
0 0 0 1

-0.67437 -0.321762 0.664601 -0.419535
-0.735768 0.368657 -0.5681 -73.5158
-0.062217 -0.872102 -0.485353 12.4606
0 0 0 1

-0.807424 0.31316 -0.499998 40.6631
0.559001 0.677064 -0.478646 49.0779
0.188638 -0.665969 -0.721734 15.9984
0 0 0 1

0.655878 0.422864 -0.625308 -26.0651
0.743928 -0.221576 0.630457 -46.2251
0.128044 -0.878687 -0.459907 12.7593
0 0 0 1

