0.94993 -0.0630412 -0.306036 -4.5328
-0.212696 -0.847949 -0.485534 -3.13813
-0.228894 0.526316 -0.818901 6.99635
0 0 0 1

0.903396 0.428807 1.59442e-06 41.5883
-0.428807 0.903396 0.00013359 -10.9752
5.58606e-05 -0.000121316 1 8.82065
0 0 0 1

-0.66313 -0.747821 0.0319736 17.5596
0.747034 -0.658548 0.0908613 25.6819
-0.0468917 0.0841382 0.99535 7.3374
0 0 0 1

0.27647 -0.545352 -0.7913 -65.0815
-0.960996 -0.163013 -0.223414 -10.0573
-0.00715281 0.822203 -0.569149 10.212
0 0 0 1

0.995662 -0.0930443 1.68569e-05 -46.2132
0.0930443 0.995662 -6.33438e-05 26.0717
-1.0885e-05 6.4655e-05 1 8.82142
0 0 0 1

-0.978506 0.00169234 -0.206212 -26.9878
0.0675232 -0.942213 -0.328139 -20.3888
-0.194851 -0.33501 0.921847 13.0653
0 0 0 1

-0.0737777 0.420903 -0.9041 -2.84579
-0.951079 -0.302419 -0.0631799 30.3439
-0.30001 0.855209 0.422624 19.0971
0 0 0 1

0.617115 -0.694846 -0.369266 17.9229
-0.783816 -0.501502 -0.366235 -2.06438
0.0692896 0.515446 -0.854116 24.2272
0 0 0 1

0.566988 0.807859 0.160899 68.755
-0.820666 0.570821 0.0258822 3.69504
-0.0709357 -0.14672 0.986631 10.6459
0 0 0 1

0.253193 -0.967178 0.0214244 -40.0668
0.503645 0.112874 -0.856505 1.00978
0.825975 0.227651 0.515694 16.7824
0 0 0 1

0.917896 -0.396743 0.00787075 46.4566
0.396511 0.917783 0.0212791 -57.2876
-0.015666 -0.0164111 0.999743 9.22492
0 0 0 1

0.906465 0.0355775 0.420779 -28.4377
0.387031 -0.468552 -0.794145 31.2183
0.168903 0.882719 -0.438495 31.6211
0 0 0 1

-0.424192 -0.438291 0.792441 -11.3547
-0.349298 0.886546 0.303361 9.44705
-0.835495 -0.148115 -0.529159 38.5026
0 0 0 1

-0.914375 0.404867 0.00087817 -6.44627
-0.404863 -0.914372 0.0030597 -54.8821
0.00204174 0.00244208 0.999995 8.79291
0 0 0 1

0.440916 0.360248 -0.822079 -61.1541
-0.868871 -0.0583603 -0.491587 4.23113
-0.22507 0.931029 0.287277 32.4897
0 0 0 1

0.425663 0.898469 0.107541 38.0414
-0.899945 0.432738 -0.0532684 17.2806
-0.0943969 -0.0741062 0.992773 32.3628
0 0 0 1

-0.848456 0.529121 -0.0124068 -4.79298
-0.528236 -0.848033 -0.0425102 79.6174
-0.0330144 -0.0295142 0.999019 9.17508
0 0 0 1

-0.396503 -0.32743 0.857657 7.91814
0.834484 -0.517952 0.18805 -32.2835
0.382652 0.790263 0.478604 19.4527
0 0 0 1

-0.408739 -0.333558 0.849512 17.0519
0.883998 -0.376104 0.277656 14.6479
0.226891 0.864456 0.448593 45.9783
0 0 0 1

-0.165226 -0.985092 0.0478928 -10.6346
0.985541 -0.16676 -0.0299869 -34.879
0.0375264 0.0422459 0.998402 36.6841
0 0 0 1

