0.586661 -0.552016 -0.592543 26.6082
-0.808992 -0.432813 -0.39775 13.6824
-0.0368956 0.712707 -0.700491 8.54467
0 0 0 1

0.152267 -0.988339 -0.00019303 -47.8344
0.988339 0.152267 -0.000171347 1.84827
0.000198676 -0.000164741 1 8.8182
0 0 0 1

0.892838 0.386488 -0.231229 -1.45585
-0.400217 0.916317 -0.0137649 12.247
0.206559 0.104832 0.972802 9.30503
0 0 0 1

0.766943 -0.451771 0.455743 40.2325
-0.329403 0.332334 0.883769 44.0925
-0.55072 -0.827924 0.106066 17.2892
0 0 0 1

0.973276 0.190171 -0.128719 -2.34051
-0.217171 0.580064 -0.785088 -10.5231
-0.0746351 0.792061 0.605862 10.2716
0 0 0 1

0.674179 -0.118383 -0.729018 -68.078
0.566992 -0.549577 0.613584 33.7451
-0.473289 -0.827013 -0.303391 14.0998
0 0 0 1

-0.97712 -0.151694 0.149084 6.02577
-0.0283353 0.787539 0.615613 49.6845
-0.210794 0.597304 -0.773818 13.2479
0 0 0 1

-0.712039 0.157982 0.684135 75.943
0.653316 0.506055 0.563104 16.3962
-0.257249 0.847909 -0.463544 12.5205
0 0 0 1

0.998396 0.027412 0.0495406 5.20439
0.0558517 -0.620371 -0.782318 -80.1852
0.00928867 0.78383 -0.620907 9.32245
0 0 0 1

0.485942 -0.859804 -0.156835 -35.9418
0.770745 0.336973 0.540742 51.835
-0.412083 -0.383649 0.826439 16.9842
0 0 0 1

0.863028 0.457771 -0.213609 -1.31012
-0.49329 0.672589 -0.551623 39.2331
-0.108846 0.581437 0.806277 25.448
0 0 0 1

-0.472224 -0.130597 0.87175 -18.5497
-0.881454 0.0626628 -0.468094 1.64494
0.00650539 -0.989453 -0.144706 29.2788
0 0 0 1

0.106141 0.158038 -0.981712 -82.2122
0.834345 -0.551241 0.00146843 -3.94639
-0.540928 -0.819242 -0.190368 14.041
0 0 0 1

0.408162 -0.38565 0.827453 -36.8377
-0.910403 -0.239068 0.337657 -65.8345
0.0676003 -0.891135 -0.448675 13.0519
0 0 0 1

0.799109 -0.314267 0.512505 2.83099
0.59696 0.515704 -0.614564 -3.85558
-0.0711638 0.797048 0.599708 37.9709
0 0 0 1

0.76727 -0.42598 -0.479413 50.1032
0.0692147 -0.688168 0.722242 3.84792
-0.637578 -0.587337 -0.498527 18.5104
0 0 0 1

0.313167 -0.886129 0.341617 46.6432
-0.634021 0.0727344 0.769887 55.0677
-0.707067 -0.457696 -0.539047 35.8122
0 0 0 1

0.55885 0.397713 -0.727675 66.9673
0.828317 -0.309744 0.466851 -41.8781
-0.0397201 -0.863645 -0.502533 12.3107
0 0 0 1

0.710866 -0.11461 -0.693927 -17.7575
-0.551177 0.522096 -0.650861 30.5105
0.436892 0.845151 0.30797 36.9814
0 0 0 1

0.563111 -0.322166 -0.760996 -66.0753
-0.82357 -0.294682 -0.48466 -42.8874
-0.0681105 0.899651 -0.431265 12.92
0 0 0 1

