0.481203 0.827016 -0.290667 -6.06553
0.865053 -0.501658 0.00477104 1.83172
-0.14187 -0.253738 -0.956812 -0.203451
0 0 0 1

0.966405 -0.252471 -0.04817 0.572496
-0.0573851 -0.394625 0.917049 -34.1027
-0.250538 -0.883476 -0.395855 11.5733
0 0 0 1

0.478442 -0.569241 0.668624 -43.023
0.0132304 -0.756668 -0.653666 -20.2762
0.87802 0.321587 -0.35449 11.8514
0 0 0 1

-0.628567 0.422371 -0.653075 75.6697
0.77185 0.235473 -0.590594 24.2921
-0.0956682 -0.875303 -0.474017 12.5059
0 0 0 1

0.917133 -0.397691 0.0266169 -19.6434
0.397018 0.90559 -0.149276 27.5068
0.0352619 0.147474 0.988437 8.40419
0 0 0 1

0.984029 0.178009 9.21637e-06 49.8735
-0.178009 0.984029 6.39359e-06 -1.27039
-7.94265e-06 -7.94401e-06 1 8.82211
0 0 0 1

0.954287 0.293363 0.0572192 -0.190551
0.184644 -0.428081 -0.884677 10.8476
-0.235037 0.854801 -0.46268 15.3385
0 0 0 1

0.916182 0.360997 0.174047 9.11247
0.303129 -0.340138 -0.890179 -15.5011
-0.262152 0.868324 -0.421057 15.0647
0 0 0 1

0.89221 0.425441 0.151528 31.2214
0.3122 -0.338584 -0.887633 25.3255
-0.326331 0.839262 -0.434911 12.9923
0 0 0 1

-0.217283 0.479971 0.849951 65.3729
-0.839948 -0.535535 0.0876927 -49.0704
0.497268 -0.69486 0.519513 18.3032
0 0 0 1

-0.207061 0.977956 -0.0269705 47.1882
-0.977546 -0.205715 0.0456514 -52.6356
0.0390968 0.0358176 0.998593 9.44168
0 0 0 1

-0.83895 0.534209 0.103846 16.1327
-0.152657 -0.41417 0.897306 41.0418
0.522359 0.736942 0.429019 18.3098
0 0 0 1

0.542794 -0.819372 0.184405 32.8867
-0.561411 -0.190676 0.80527 -25.7824
-0.624654 -0.540623 -0.563502 19.7334
0 0 0 1

0.412055 -0.190863 0.890944 -47.1729
-0.489549 -0.871067 0.0398079 -0.519901
0.768474 -0.452564 -0.452364 20.4776
0 0 0 1

-0.287066 0.957907 0.00251225 -75.3112
-0.957908 -0.28707 0.00163289 2.60954
0.00228532 -0.00193764 0.999995 8.83209
0 0 0 1

-0.0973864 0.425642 -0.899636 -64.1972
-0.831874 -0.531038 -0.161197 -5.99641
-0.546353 0.732685 0.405796 26.4268
0 0 0 1

0.396833 -0.354018 -0.846873 80.5838
0.786441 0.606901 0.114813 -14.0818
0.473322 -0.711578 0.519253 17.5966
0 0 0 1

0.9283 -0.237411 -0.286174 61.1762
0.371275 0.633977 0.678401 9.32146
0.0203682 -0.736009 0.676666 32.2543
0 0 0 1

0.249768 0.54466 -0.8006 -8.61577
-0.493173 0.783086 0.378887 -6.03026
0.833304 0.300201 0.464202 35.4399
0 0 0 1

0.314392 0.938842 0.140476 25.1681
-0.923232 0.336831 -0.184902 7.02824
-0.22091 -0.0715601 0.972665 38.2822
0 0 0 1

