-0.973943 0.027518 -0.225116 -6.56705
0.18162 0.68911 -0.701528 -40.1112
0.135825 -0.724134 -0.676152 8.97278
0 0 0 1

0.990103 0.134905 0.0386966 -16.6034
-0.130884 0.987085 -0.0923751 18.1261
-0.0506587 0.0863961 0.994972 8.37121
0 0 0 1

0.994883 -0.0981147 -0.0241201 10.0213
0.0977909 0.995105 -0.0142591 -3.16166
0.025401 0.0118274 0.999607 9.555
0 0 0 1

0.536085 0.470413 0.700945 23.4585
0.843178 -0.258269 -0.471538 -63.2993
-0.0407853 0.843806 -0.535096 11.5887
0 0 0 1

-0.37656 0.863578 -0.335313 33.262
-0.92437 -0.326356 0.197566 -19.5081
0.0611819 0.384349 0.921158 10.8624
0 0 0 1

-0.635096 -0.273817 0.722273 -32.9121
-0.517814 0.844765 -0.135061 2.17068
-0.573169 -0.459779 -0.678293 19.516
0 0 0 1

-0.249591 0.404878 0.879646 70.2085
0.924904 0.368721 0.0927201 42.1133
-0.286804 0.836731 -0.466503 12.8368
0 0 0 1

0.912327 -0.228994 0.339441 -42.5487
0.250746 -0.342921 -0.90528 -32.1923
0.323705 0.911025 -0.255437 15.2752
0 0 0 1

-0.763341 0.493004 0.417441 -5.76865
-0.366788 -0.862704 0.34815 44.4002
0.531768 0.112645 0.839365 11.3306
0 0 0 1

0.846359 -0.288187 -0.447911 -67.4149
0.275995 0.956557 -0.0939377 2.95248
0.455524 -0.0441162 0.88913 14.4225
0 0 0 1

-0.310107 0.532012 -0.787907 56.5821
0.836533 -0.241081 -0.492029 6.12032
-0.451714 -0.811692 -0.370285 13.8014
0 0 0 1

0.838209 0.544645 0.0277102 26.501
-0.54517 0.835549 0.0681756 42.5825
0.0139783 -0.0722522 0.997288 9.70976
0 0 0 1

0.235963 -0.543473 0.80558 39.902
-0.966216 -0.219655 0.134828 65.5963
0.103675 -0.810179 -0.576943 14.3033
0 0 0 1

0.971104 -0.222309 0.0868081 26.7502
0.0698074 0.61242 0.787444 17.771
-0.228219 -0.75863 0.610242 18.2118
0 0 0 1

0.548981 0.751976 -0.3649 5.41666
0.785138 -0.613676 -0.0834309 -27.3549
-0.286668 -0.240695 -0.927301 25.6173
0 0 0 1

0.33462 -0.723667 0.603602 31.2539
0.941511 0.283809 -0.181685 -34.3207
-0.039828 0.629093 0.776309 31.2513
0 0 0 1

0.549958 -0.338453 -0.763542 17.5481
-0.750373 0.201189 -0.629654 -11.2116
0.366724 0.919224 -0.14332 39.9842
0 0 0 1

0.258949 -0.965435 -0.0296618 -1.20893
0.0026615 0.0314223 -0.999503 87.2826
0.965887 0.258741 0.0107063 19.8084
0 0 0 1

0.267369 0.95813 0.10247 16.5007
-0.674512 0.110152 0.73 62.1419
0.688148 -0.264296 0.675722 25.4673
0 0 0 1

0.879109 -0.402812 0.254772 3.08476
0.417552 0.393147 -0.819198 28.3659
0.22982 0.826546 0.513814 29.3728
0 0 0 1

