0.785704 -0.490836 -0.376495 -7.8317
-0.538167 -0.842474 -0.0247652 -11.1963
-0.305032 0.222076 -0.926087 2.98883
0 0 0 1

-0.708177 0.706035 2.0653e-05 -11.4075
-0.706035 -0.708177 -2.06073e-05 -69.4905
1.1815e-07 -2.89988e-05 1 8.82178
0 0 0 1

0.90571 -0.420928 -0.0500911 -57.1415
0.41958 0.907026 -0.0354447 16.6485
0.0603536 0.0110854 0.998116 8.96645
0 0 0 1

-0.339293 -0.441406 0.830687 60.871
-0.926913 0.307411 -0.215246 -50.7962
-0.160351 -0.843006 -0.513448 12.0192
0 0 0 1

0.480787 -0.328734 -0.812882 -63.178
-0.857045 -0.372042 -0.356452 -52.2537
-0.185248 0.868055 -0.460613 12.9088
0 0 0 1

0.0685944 0.362525 -0.929446 20.7993
0.997022 -0.0578127 0.0510321 -8.59165
-0.0352333 -0.930179 -0.365411 14.1179
0 0 0 1

-0.983025 0.0474088 -0.177238 17.1199
-0.142488 0.411285 0.900301 -81.7757
0.115578 0.910273 -0.397549 12.7275
0 0 0 1

0.973537 0.0937481 -0.208415 -18.1264
-0.227602 0.315705 -0.921155 -33.6992
-0.0205588 0.944215 0.328688 4.49452
0 0 0 1

-0.456351 -0.0749055 0.886641 -33.1003
-0.830599 0.393251 -0.394283 -61.2193
-0.319139 -0.916375 -0.241677 15.4913
0 0 0 1

0.918731 0.304765 0.251101 -45.2816
0.361228 -0.391744 -0.846198 59.272
-0.159524 0.868133 -0.469997 12.7437
0 0 0 1

0.900826 0.43418 -0.000106543 24.3241
-0.43418 0.900826 0.000143484 76.9982
0.000158261 -8.29303e-05 1 8.82201
0 0 0 1

-0.544016 0.214371 0.811229 29.0801
0.781585 0.481174 0.396984 37.9175
-0.30524 0.85001 -0.429315 13.006
0 0 0 1

0.443167 0.631207 0.636538 53.4823
0.833143 -0.0279293 -0.552351 50.3355
-0.33087 0.775111 -0.538263 14.4539
0 0 0 1

0.126827 -0.442997 0.887507 -7.69111
-0.985946 -0.154393 0.0638286 61.427
0.108749 -0.883129 -0.456353 12.9605
0 0 0 1

-0.111976 -0.0254529 -0.993385 0.624028
0.63406 -0.771553 -0.0517033 -10.5946
-0.765134 -0.635655 0.102534 27.5201
0 0 0 1

0.930861 -0.335289 0.145185 -14.4756
0.213422 0.821489 0.528779 21.7387
-0.296562 -0.461234 0.83625 14.8114
0 0 0 1

0.0617405 -0.441093 0.895335 11.1079
0.977891 -0.152835 -0.142728 32.0587
0.199795 0.884352 0.421905 20.2989
0 0 0 1

-0.24725 -0.967728 0.0486898 -55.2618
0.961354 -0.251281 -0.112501 -16.4605
0.121105 0.0189922 0.992458 11.1317
0 0 0 1

0.760943 0.258715 0.595006 30.0246
0.616293 -0.00149651 -0.787516 -51.8367
-0.202852 0.965952 -0.160583 15.9576
0 0 0 1

0.808457 0.41392 -0.41841 -0.71444
0.524375 -0.829393 0.192711 82.2166
-0.267259 -0.375202 -0.887579 26.7514
0 0 0 1

