-0.413599 -0.540842 -0.732411 35.007
-0.898237 0.111026 0.425257 -24.0986
-0.148681 0.833765 -0.531724 11.4386
0 0 0 1

-0.698528 -0.660564 -0.275162 8.52668
0.649505 -0.746667 0.143636 -3.36407
-0.300336 -0.0783856 0.950607 8.40252
0 0 0 1

0.980944 0.194293 -2.96682e-05 57.3014
-0.194293 0.980944 1.79569e-05 44.4044
3.25952e-05 -1.18781e-05 1 8.82218
0 0 0 1

-0.436655 0.898725 0.0403238 80.7438
-0.896537 -0.43843 0.0632536 8.37971
0.0745268 -0.00853183 0.997182 8.1657
0 0 0 1

0.358744 -0.396716 -0.844937 -64.3641
-0.931908 -0.203992 -0.299892 -44.7995
-0.0533884 0.894988 -0.442883 12.9301
0 0 0 1

0.966123 -0.258084 2.29478e-06 -59.9133
0.258084 0.966123 7.94331e-06 5.19515
-4.28025e-06 -7.11033e-06 1 8.82211
0 0 0 1

-0.655022 0.717288 0.23758 56.6628
-0.154756 0.180406 -0.971341 8.6952
-0.739592 -0.673017 -0.00716506 17.2676
0 0 0 1

0.762699 0.571948 0.301937 -51.3978
0.520009 -0.264721 -0.812104 -17.3786
-0.384552 0.776401 -0.499321 14.6462
0 0 0 1

-0.992963 0.0945544 0.0712923 1.04258
0.0794258 0.0852443 0.993189 51.2267
0.0878332 0.991863 -0.0921545 9.34626
0 0 0 1

0.930004 0.295499 -0.218571 25.2418
-0.258831 0.948745 0.181357 28.1355
0.260959 -0.11209 0.95882 10.4752
0 0 0 1

-0.252293 0.92884 -0.271302 -51.2344
-0.950434 -0.290518 -0.110788 60.419
-0.181722 0.229904 0.956097 13.2227
0 0 0 1

-0.207254 0.945736 -0.250256 -23.713
-0.9747 -0.177736 0.135537 27.1134
0.0837031 0.272016 0.958645 12.4922
0 0 0 1

0.398681 0.189981 0.897196 2.60283
-0.85085 -0.288429 0.439161 -8.80597
0.34221 -0.938465 0.0466537 31.3971
0 0 0 1

0.984818 -0.164647 0.0549939 -10.6242
-0.173264 -0.912962 0.369432 75.41
-0.0106186 -0.373352 -0.927629 14.3215
0 0 0 1

0.620187 -0.50199 0.602805 -20.5586
-0.745258 -0.137178 0.652512 -39.4901
-0.244863 -0.853926 -0.459188 12.1925
0 0 0 1

0.522202 -0.0947315 -0.847544 -19.9656
-0.817445 0.227667 -0.529104 -3.45856
0.24308 0.96912 0.0414502 22.617
0 0 0 1

0.731468 -0.625098 -0.272409 36.4559
0.540235 0.287511 0.790875 60.8562
-0.416054 -0.725665 0.548005 17.5468
0 0 0 1

-0.20573 0.936705 0.283302 10.9946
-0.97616 -0.175958 -0.127088 -59.9371
-0.0691946 -0.302693 0.950573 13.4054
0 0 0 1

-0.160724 0.541474 -0.825211 -74.9513
-0.954927 -0.296713 -0.00870361 31.1478
-0.249563 0.786618 0.564757 17.6386
0 0 0 1

0.728041 -0.419021 -0.542566 9.35683
0.180479 0.880685 -0.437973 22.8446
0.66135 0.220941 0.716799 24.4093
0 0 0 1

