0.0205451 -0.710957 -0.702935 -33.8545
-0.966337 0.166228 -0.196369 -6.72237
0.256458 0.683306 -0.683609 7.23421
0 0 0 1

-0.549984 -0.792561 0.26337 -3.72403
0.832799 -0.544207 0.101412 1.00269
0.062953 0.275109 0.95935 7.85425
0 0 0 1

0.191682 0.979502 0.0619132 26.1621
-0.978768 0.195443 -0.0617701 15.7583
-0.0726044 -0.0487584 0.996168 8.06082
0 0 0 1

0.342881 -0.588191 -0.732437 10.8129
0.860478 -0.116125 0.496077 27.7757
-0.376842 -0.800342 0.466308 19.9725
0 0 0 1

0.0877551 0.406967 -0.909218 -54.0251
-0.658693 0.708417 0.253513 -2.51508
0.747277 0.576649 0.330233 10.6095
0 0 0 1

0.377397 -0.326355 -0.866639 24.1165
-0.877474 -0.425145 -0.222016 -25.1452
-0.295992 0.844242 -0.446816 12.8222
0 0 0 1

0.464119 -0.589844 -0.660816 2.1436
0.400615 0.805152 -0.437308 -34.8575
0.790001 -0.06177 0.609987 14.7276
0 0 0 1

0.834625 0.418237 0.358439 -54.0998
0.505421 -0.322802 -0.800218 31.8164
-0.218976 0.849045 -0.480804 12.6413
0 0 0 1

0.427311 0.566425 -0.704676 79.8027
-0.853064 0.510774 -0.106728 2.84641
0.299477 0.64674 0.701456 14.9011
0 0 0 1

0.465826 -0.884367 0.0300078 56.7473
0.884728 0.466102 0.00251003 -57.7948
-0.0162065 0.0253794 0.999547 9.3593
0 0 0 1

0.0814224 -0.549821 -0.831304 60.3824
-0.917379 0.284692 -0.278147 -16.6215
0.389597 0.785269 -0.481214 12.455
0 0 0 1

-0.220353 -0.730246 -0.646672 -24.348
0.783873 -0.527127 0.328147 23.6211
-0.580506 -0.434601 0.688574 18.6756
0 0 0 1

0.999243 -0.0389056 -5.04404e-06 16.4143
0.0389057 0.999243 -1.54217e-05 -73.8754
5.63993e-06 1.51833e-05 1 8.82217
0 0 0 1

0.809184 -0.587535 -0.0049226 8.77831
-0.531322 -0.73529 0.420769 -7.46806
-0.250836 -0.337864 -0.907155 36.7946
0 0 0 1

0.819609 -0.561242 0.115098 -41.4162
0.568335 0.821843 -0.0396169 -63.5663
-0.0723581 0.0978848 0.992564 10.515
0 0 0 1

0.0480056 0.997695 -0.0479538 50.2174
0.957464 -0.0596395 -0.282322 15.4556
-0.284532 -0.0323609 -0.95812 16.8385
0 0 0 1

-0.760433 0.445133 -0.472862 48.0588
0.623297 0.295836 -0.723866 57.2516
-0.182327 -0.845185 -0.502413 12.2663
0 0 0 1

-0.302353 0.952882 0.0244709 48.4518
0.437525 0.161545 -0.884576 -36.0891
-0.84685 -0.256748 -0.465753 22.7642
0 0 0 1

0.762676 0.356669 0.539548 13.475
0.486429 -0.866113 -0.115044 -32.6745
0.426277 0.350193 -0.834058 43.4697
0 0 0 1

-0.938709 -0.216744 0.268044 15.3107
-0.308685 0.87464 -0.37379 58.2121
-0.153425 -0.433621 -0.887938 15.5562
0 0 0 1

