0.921925 0.374397 0.0994066 8.92346
0.240403 -0.35177 -0.90469 34.2163
-0.303745 0.857954 -0.414312 12.312
0 0 0 1

0.973065 -0.224609 -0.0519244 2.42286
0.0212036 -0.137083 0.990333 -39.6705
-0.229555 -0.964759 -0.128628 9.28905
0 0 0 1

0.291046 -0.595207 0.749014 42.154
-0.934553 -0.00936064 0.355702 18.2764
-0.204705 -0.803518 -0.558976 10.2174
0 0 0 1

0.721447 0.645919 -0.249606 13.7331
-0.588389 0.381742 -0.712791 1.97926
-0.36512 0.661106 0.655459 8.18106
0 0 0 1

0.993733 0.111781 2.58163e-05 -71.9737
-0.111781 0.993733 -1.46468e-05 18.5733
-2.72964e-05 1.16663e-05 1 8.82206
0 0 0 1

-0.672723 -0.165265 0.721201 73.9297
-0.68528 0.506711 -0.523102 -30.422
-0.278989 -0.846127 -0.454129 12.9282
0 0 0 1

0.276168 -0.424434 0.862315 54.5624
0.939442 -0.0702299 -0.335436 -13.7418
0.202931 0.902731 0.379336 14.1257
0 0 0 1

0.259232 -0.888261 -0.379197 -37.1458
0.926967 0.118593 0.355904 -40.7548
-0.271166 -0.443765 0.854132 14.0288
0 0 0 1

0.569926 0.411427 -0.711275 -45.7052
-0.469781 -0.547046 -0.692854 8.55666
-0.674159 0.729019 -0.118495 16.4411
0 0 0 1

0.85817 0.188758 -0.477404 -9.4866
-0.499304 0.523057 -0.690729 -14.0864
0.119328 0.831133 0.543119 12.3681
0 0 0 1

-0.173914 0.532517 0.828359 -35.5493
-0.292412 -0.831164 0.472928 30.1628
0.940345 -0.159973 0.300266 16.7664
0 0 0 1

-0.980796 -0.175386 -0.0853148 25.3225
0.120943 -0.890098 0.43943 11.333
-0.153008 0.420673 0.894216 28.8167
0 0 0 1

0.891711 0.00525361 -0.452574 33.8436
0.391579 -0.510403 0.765607 -31.3358
-0.226973 -0.859919 -0.457189 12.9324
0 0 0 1

0.921345 0.388728 -0.00378126 9.51642
-0.388233 0.919585 -0.0603196 -65.7018
-0.0199708 0.0570432 0.998172 9.36424
0 0 0 1

0.903399 -0.428301 -0.0207121 21.3832
0.428434 0.903571 0.00222941 71.7664
0.01776 -0.0108878 0.999783 9.08701
0 0 0 1

0.180704 -0.864858 0.468366 -39.4616
0.502778 -0.328055 -0.799747 70.6529
0.845317 0.380002 0.375551 21.2839
0 0 0 1

0.497947 0.475109 -0.725479 -22.89
0.867013 -0.29044 0.404886 60.1287
-0.0183427 -0.830612 -0.55655 12.9195
0 0 0 1

0.595176 -0.769816 0.23054 13.1261
0.482298 0.112724 -0.868724 -17.1454
0.642771 0.628232 0.438371 34.1535
0 0 0 1

0.51004 0.257413 -0.82073 -57.2012
-0.605202 -0.570634 -0.555074 -59.1901
-0.61122 0.779817 -0.135259 16.5274
0 0 0 1

0.945124 -0.142357 0.294065 -7.01155
0.248787 0.897004 -0.365361 65.5461
-0.211766 0.418471 0.883197 35.5457
0 0 0 1

