0.778571 -0.449954 -0.437458 -62.5568
-0.599429 -0.326853 -0.730652 -24.0498
0.185775 0.831089 -0.524194 11.7213
0 0 0 1

0.595703 0.772755 -0.21906 -3.29398
0.791431 -0.51819 0.324216 2.75811
0.137025 -0.366508 -0.92027 1.32843
0 0 0 1

-0.958695 0.283775 -0.01939 -54.8118
-0.283787 -0.958885 -0.00217949 56.6805
-0.0192113 0.00341316 0.99981 9.26022
0 0 0 1

0.808143 -0.586355 0.0556027 31.9651
0.588651 0.800897 -0.109788 -25.4727
0.0198429 0.121455 0.992399 7.92256
0 0 0 1

0.185063 -0.382932 -0.90505 -56.0442
0.973498 0.197349 0.115559 7.4228
0.13436 -0.90245 0.409306 11.216
0 0 0 1

0.846048 0.509679 0.156301 6.46621
0.206791 -0.0435255 -0.977417 15.988
-0.491366 0.859263 -0.142222 15.0624
0 0 0 1

-0.187765 -0.0113553 0.982148 -33.6784
0.750232 0.643731 0.15087 9.27392
-0.633953 0.765167 -0.112351 15.4435
0 0 0 1

0.857014 -0.0278944 -0.514537 -7.44405
-0.370165 -0.727979 -0.577083 -19.9975
-0.358474 0.685032 -0.634214 12.9633
0 0 0 1

0.848472 -0.498483 0.17779 -27.3703
0.441592 0.851972 0.281318 67.3082
-0.291704 -0.160179 0.943001 12.4473
0 0 0 1

0.381965 -0.924177 1.74046e-05 59.8765
0.924177 0.381966 -1.47422e-06 10.3098
-5.32402e-06 1.66464e-05 1 8.82206
0 0 0 1

0.671073 0.342398 -0.657589 47.732
0.736545 -0.409146 0.538611 54.6302
-0.084631 -0.845791 -0.526759 11.9275
0 0 0 1

-0.349248 -0.383893 0.854782 71.8963
0.110386 -0.922728 -0.369307 -12.5703
0.930506 -0.0346237 0.364637 18.5136
0 0 0 1

-0.511941 0.700231 -0.497587 30.5776
-0.841176 -0.291187 0.455669 0.445047
0.174183 0.651833 0.738088 15.9876
0 0 0 1

0.601775 -0.675241 0.426516 1.89681
0.689175 0.708909 0.149952 -9.73308
-0.403615 0.203707 0.891963 32.1686
0 0 0 1

-0.21291 -0.977072 -3.01003e-06 6.83624
0.977072 -0.21291 -3.7988e-06 62.3035
3.05274e-06 -3.824e-06 1 8.82202
0 0 0 1

0.624632 -0.743035 -0.240279 -27.8744
-0.777191 -0.621523 -0.0984066 -41.1653
-0.0762195 0.248211 -0.965703 15.6415
0 0 0 1

0.182638 -0.982559 0.0349513 68.7237
-0.910559 -0.155632 0.382964 46.0135
-0.370845 -0.101769 -0.923102 21.9987
0 0 0 1

-0.106068 -0.41915 0.9017 39.6267
-0.901638 0.422911 0.0905267 -11.4547
-0.419283 -0.803405 -0.422779 33.6414
0 0 0 1

0.833756 -0.318399 0.45108 12.3084
0.52668 0.703831 -0.476687 34.3873
-0.165708 0.635015 0.754517 24.5839
0 0 0 1

0.444273 -0.186871 -0.876185 21.0468
0.738834 0.629566 0.240356 -57.2863
0.506701 -0.75414 0.417766 19.3366
0 0 0 1

