0.711564 -0.467264 -0.524729 -38.3715
-0.693683 -0.348447 -0.630388 1.70697
0.111717 0.812557 -0.572075 11.0191
0 0 0 1

0.876456 0.279424 -0.392105 -6.29484
-0.29963 -0.320932 -0.898457 -12.7282
-0.37689 0.904945 -0.197559 10.7365
0 0 0 1

0.88513 0.465344 -9.86457e-06 16.3625
-0.465344 0.88513 -8.9248e-06 56.5588
4.59902e-06 1.24961e-05 1 8.82243
0 0 0 1

0.984219 0.12713 -0.123089 20.6133
-0.127369 0.991838 0.00595947 22.095
0.122842 0.00981216 0.992378 8.94097
0 0 0 1

-0.885699 0.384265 -0.260532 49.6421
0.402343 0.355325 -0.84372 -57.1356
-0.231639 -0.852106 -0.469318 12.7199
0 0 0 1

-0.929868 0.331432 0.159683 -20.3786
-0.364015 -0.766016 -0.529823 76.2797
-0.05328 -0.550792 0.83294 11.8309
0 0 0 1

0.631863 0.520768 0.574064 71.612
0.727536 -0.143091 -0.670981 -31.3801
-0.267282 0.841621 -0.469292 12.5264
0 0 0 1

-0.884345 0.195346 -0.423997 -49.665
0.466514 0.403371 -0.787183 -41.5622
0.0172546 -0.893942 -0.447851 13.086
0 0 0 1

-0.755442 -0.655215 -1.35601e-05 68.4828
0.655215 -0.755442 -0.000716551 2.89228
0.000459223 -0.000550184 1 8.81615
0 0 0 1

0.569176 -0.81416 0.114813 -35.3665
0.80544 0.580164 0.121146 38.3905
-0.165243 0.0235216 0.985972 11.9381
0 0 0 1

0.497714 0.571961 0.652029 46.3289
0.837825 -0.511491 -0.190857 -15.3734
0.224344 0.641278 -0.733779 15.7328
0 0 0 1

0.989405 -0.144477 -0.014264 -17.3696
-0.103636 -0.634066 -0.766302 17.3283
0.101669 0.759662 -0.642322 17.584
0 0 0 1

-0.338285 0.457297 0.822461 61.6157
0.91983 -0.0238465 0.391593 48.1952
0.198687 0.888994 -0.412569 13.303
0 0 0 1

-0.0391362 -0.97828 -0.203561 -9.63334
-0.976044 0.0810606 -0.201911 48.2601
0.214026 0.190783 -0.958016 22.3043
0 0 0 1

0.904114 0.410645 -0.118107 6.06717
-0.134594 0.0113552 -0.990836 -6.4843
-0.40554 0.911725 0.0655366 17.6959
0 0 0 1

0.783104 -0.0814458 -0.616534 23.704
-0.480827 -0.708032 -0.5172 -10.7056
-0.394402 0.701468 -0.593624 30.6993
0 0 0 1

0.122144 -0.434674 -0.892266 -17.3441
-0.950652 0.207096 -0.231025 -54.2577
0.285205 0.876453 -0.387928 13.7093
0 0 0 1

0.96246 0.182179 -0.201199 10.7103
0.251042 -0.315677 0.915056 -43.23
0.10319 -0.931214 -0.34956 13.4645
0 0 0 1

-0.723956 -0.228157 -0.651024 -15.7912
0.595941 0.268514 -0.756806 -23.7929
0.34748 -0.935866 -0.0584242 31.7091
0 0 0 1

0.953752 0.300237 -0.0146682 20.1485
0.300272 -0.953854 0.000191971 -29.882
-0.0139337 -0.00458757 -0.999892 43.3811
0 0 0 1

