0.878242 -0.474969 -0.0556249 -9.2701
0.468476 0.877872 -0.099357 54.9204
0.096023 0.0612007 0.993496 7.57297
0 0 0 1

0.924242 0.0927789 0.370362 11.0949
0.370846 -0.448897 -0.812998 -4.53536
0.0908253 0.888754 -0.449296 8.91435
0 0 0 1

-0.321051 0.947062 0.000119925 -42.7893
-0.947062 -0.321051 -6.03636e-05 8.16462
-1.86082e-05 -0.000132932 1 8.82013
0 0 0 1

-0.356327 -0.716848 0.599299 -37.1335
0.0223655 -0.64776 -0.761516 -20.81
0.934093 -0.257945 0.246847 17.1877
0 0 0 1

-0.976043 0.159207 0.148299 16.286
-0.00256526 -0.689966 0.723837 77.4359
0.217561 0.706116 0.673846 14.6355
0 0 0 1

0.963634 0.264646 -0.0370453 12.4161
-0.264019 0.921459 -0.284971 27.3088
-0.0412807 0.284388 0.95782 9.05377
0 0 0 1

-0.881959 -0.138301 0.450578 19.2633
0.289771 0.59486 0.749783 -68.2535
-0.371726 0.791842 -0.484567 12.3486
0 0 0 1

-0.939103 0.205447 -0.275459 -14.2439
-0.104757 -0.934602 -0.339919 -78.5738
-0.32728 -0.290363 0.899209 12.8484
0 0 0 1

-0.524291 -0.612197 0.59189 21.8466
0.293075 -0.782346 -0.549584 -8.36672
0.799516 -0.114674 0.589596 28.3401
0 0 0 1

-0.398714 -0.911276 0.102971 6.77763
-0.90165 0.369021 -0.225502 -42.1942
0.167496 -0.182754 -0.968786 15.7394
0 0 0 1

0.862284 -0.33377 0.380872 -50.7734
-0.492473 -0.377334 0.784276 -61.3486
-0.118051 -0.863838 -0.489742 12.489
0 0 0 1

-0.934384 0.255805 -0.247972 57.3092
0.337814 0.415051 -0.844757 54.9308
-0.113172 -0.873096 -0.474232 12.5941
0 0 0 1

-0.51095 -0.210612 -0.83341 -21.0665
-0.575212 -0.636703 0.513556 -37.7616
-0.638796 0.741789 0.204177 17.9265
0 0 0 1

-0.732541 0.680402 -0.0208951 -55.8097
-0.677741 -0.726117 0.115849 32.4759
0.0636517 0.0990256 0.993047 10.7898
0 0 0 1

0.43046 0.897756 0.0934801 -25.9624
-0.831849 0.434778 -0.344957 10.5255
-0.35033 0.0707288 0.933952 34.4454
0 0 0 1

0.426655 0.258917 -0.866561 76.765
0.851497 -0.43793 0.288392 -18.2392
-0.304823 -0.860918 -0.407312 12.5232
0 0 0 1

0.149678 0.858394 -0.490669 26.2334
-0.0404824 0.501164 0.864405 41.1923
0.987906 -0.109519 0.109763 28.5593
0 0 0 1

-0.494994 -0.691375 -0.52629 -20.3765
0.826419 -0.187543 -0.530905 23.0377
0.268352 -0.697731 0.664198 16.6598
0 0 0 1

0.884448 -0.269212 0.381152 -28.3864
-0.461823 -0.387937 0.797637 70.7459
-0.0668704 -0.881493 -0.467438 13.6997
0 0 0 1

0.1248 -0.541474 0.831403 -14.9828
-0.0953486 0.827531 0.553265 82.4378
-0.98759 -0.14832 0.0516466 31.8721
0 0 0 1

