0.822775 0.567237 -0.0358275 -11.8093
-0.568337 0.820435 -0.0622825 5.18315
-0.00593483 0.0716066 0.997415 8.01379
0 0 0 1

0.846164 -0.531597 0.0375796 -5.23749
0.456911 0.687372 -0.564581 -32.9655
0.274298 0.494898 0.824522 0.743952
0 0 0 1

-0.16311 -0.67306 0.721377 29.8837
-0.986413 0.125776 -0.105686 6.04953
-0.0195994 -0.728814 -0.684431 10.5653
0 0 0 1

0.669405 -0.67985 -0.2995 -29.3827
-0.679383 -0.397116 -0.61704 -43.7584
0.300558 0.616525 -0.72771 15.1482
0 0 0 1

-0.329097 -0.544597 -0.771433 68.6238
0.776054 0.309452 -0.549527 -36.526
0.537993 -0.779521 0.320797 18.3762
0 0 0 1

0.457934 0.852838 0.250926 -14.6889
-0.743762 0.212938 0.633621 30.1058
0.486944 -0.476786 0.73182 16.3681
0 0 0 1

0.0349572 -0.615135 0.787646 -47.1382
-0.999294 -0.0323685 0.0190715 -3.17055
0.0137634 -0.787757 -0.615833 9.29235
0 0 0 1

-0.66779 0.733066 0.129114 17.7408
0.266847 0.397701 -0.877854 6.9828
-0.694874 -0.551768 -0.461197 23.6412
0 0 0 1

-0.235952 -0.638568 -0.732501 44.3387
-0.815119 0.540442 -0.208573 -26.7929
0.529063 0.547862 -0.648028 18.4546
0 0 0 1

-0.291735 -0.915672 -0.276471 -28.5803
0.853951 -0.119131 -0.506533 -11.717
0.430881 -0.383866 0.816693 19.2829
0 0 0 1

0.397014 0.79096 0.465577 29.1453
0.881483 -0.469906 0.0466416 -16.9949
0.255669 0.391881 -0.883778 26.9097
0 0 0 1

0.905697 0.401952 0.134715 -41.6884
0.294802 -0.368822 -0.881511 59.0893
-0.30464 0.838096 -0.452537 13.0159
0 0 0 1

0.524324 -0.764645 0.374702 -1.47547
0.807889 0.30766 -0.502653 -19.0095
0.269071 0.566271 0.779062 21.2416
0 0 0 1

0.930776 -0.307766 -0.197321 15.2748
-0.0348969 0.462475 -0.885945 19.9985
0.36392 0.831503 0.419721 41.7991
0 0 0 1

-0.199366 -0.529522 -0.824536 -54.7813
0.9751 -0.190595 -0.11337 -12.1198
-0.0971206 -0.826608 0.554335 26.7333
0 0 0 1

0.258778 0.127091 0.957539 17.1106
0.772649 -0.622156 -0.126235 -17.7015
0.579696 0.772509 -0.259197 42.083
0 0 0 1

0.59601 -0.788683 0.150834 -75.5459
-0.799495 -0.565389 0.202838 19.9126
-0.0746949 -0.241485 -0.967525 15.7755
0 0 0 1

0.847434 0.263439 0.460928 -24.8071
0.45109 -0.815108 -0.363479 -31.0567
0.279952 0.515944 -0.809585 39.3123
0 0 0 1

-0.00281703 0.733535 -0.679646 -14.2378
0.600578 0.544664 0.585361 3.67914
0.799561 -0.406532 -0.442079 49.6148
0 0 0 1

0.37023 -0.227964 -0.900535 7.32258
-0.20417 0.925748 -0.318285 -61.0801
0.906225 0.301701 0.296196 16.3453
0 0 0 1

