0.95842 -0.185961 0.216445 52.9278
-0.28073 -0.478369 0.832078 -48.8401
-0.0511939 -0.858243 -0.510683 11.8547
0 0 0 1

0.761924 0.632733 -0.13828 1.32662
-0.216592 0.0477145 -0.975096 -15.9266
-0.610377 0.772899 0.1734 14.6224
0 0 0 1

-0.738673 0.673956 0.0120804 -26.21
-0.674046 -0.738665 -0.00592075 2.69151
0.00493303 -0.0125163 0.99991 6.13174
0 0 0 1

0.979854 -0.162793 -0.115692 13.7344
0.19076 0.934415 0.300797 5.78726
0.0591371 -0.316807 0.946645 10.9326
0 0 0 1

0.431946 0.276317 -0.858528 75.9838
-0.446006 0.892813 0.0629556 25.8208
0.783901 0.355715 0.508886 14.0874
0 0 0 1

0.692626 0.721297 0.000104785 14.0654
-0.721297 0.692626 0.00013967 61.7181
2.82211e-05 -0.000172346 1 8.81982
0 0 0 1

0.707637 0.333253 -0.623051 -52.586
0.706452 -0.350267 0.615011 63.0663
-0.0132801 -0.87536 -0.483289 12.5975
0 0 0 1

0.331746 0.430039 -0.839649 -21.9919
0.928907 -0.30416 0.211232 54.2969
-0.16455 -0.850032 -0.50037 12.1601
0 0 0 1

-0.437985 -0.846324 0.303159 -19.1148
0.685123 -0.532575 -0.49696 -30.3298
0.582044 -0.00995972 0.813096 12.1509
0 0 0 1

0.0370553 -0.00259161 0.99931 -36.946
-0.501872 -0.864787 0.0163671 -69.2435
0.864148 -0.502132 -0.0333456 18.879
0 0 0 1

0.537322 0.619738 -0.572023 -3.79112
-0.711504 0.697265 0.0870847 57.778
0.452821 0.360204 0.815602 26.7274
0 0 0 1

-0.998172 0.0275566 0.0537944 7.97872
-0.017283 0.722729 -0.690915 34.3391
-0.057918 -0.690582 -0.720931 12.1328
0 0 0 1

-0.848055 -0.403036 0.344041 40.0338
-0.0729229 -0.554307 -0.829111 22.2798
0.524866 -0.728221 0.440693 18.6616
0 0 0 1

0.459102 -0.555297 -0.693448 71.9848
0.0833113 0.804044 -0.588704 0.887748
0.884469 0.212503 0.415401 16.4373
0 0 0 1

0.964348 0.264637 -1.85519e-05 -66.734
-0.264637 0.964348 -1.75079e-05 19.4358
1.32356e-05 2.17978e-05 1 8.82218
0 0 0 1

0.900077 -0.434375 0.0343357 49.1206
-0.403355 -0.800803 0.44274 -18.3532
-0.164819 -0.412349 -0.895993 15.5352
0 0 0 1

0.446576 -0.60566 0.658594 -47.0717
0.894602 0.28905 -0.340789 39.6133
0.0160356 0.741367 0.670908 18.0728
0 0 0 1

0.947941 -0.317364 -0.0262398 1.24551
0.177285 0.594389 -0.784392 0.294572
0.264535 0.738905 0.61971 31.2455
0 0 0 1

-0.237552 0.666829 -0.706334 -75.8433
0.811348 0.536039 0.233189 0.315354
0.53412 -0.517689 -0.668367 18.5937
0 0 0 1

0.511221 0.401892 -0.759695 -22.5725
-0.775742 0.596282 -0.206575 23.4524
0.369971 0.694932 0.616596 37.5343
0 0 0 1

