0.748873 -0.662713 -2.77162e-05 14.4273
0.662713 0.748873 -2.63294e-05 -43.4173
3.81759e-05 1.34404e-06 1 8.82158
0 0 0 1

-0.94028 -0.262661 -0.216526 -18.9669
-0.338005 0.645046 0.685323 46.5059
-0.040339 0.717582 -0.695305 9.77398
0 0 0 1

-0.862753 -0.00766616 0.505567 51.5937
0.422445 0.538513 0.729071 -49.172
-0.277843 0.842583 -0.461365 12.7166
0 0 0 1

0.985968 -0.154412 -0.0634319 -6.20842
-0.151253 -0.98713 0.051942 -2.36795
-0.070636 -0.041619 -0.996634 -2.73834
0 0 0 1

0.923254 0.384191 -0.000172913 31.7463
-0.384191 0.923254 0.000240163 39.1125
0.000251947 -0.000155289 1 8.82266
0 0 0 1

0.573605 0.791553 -0.210764 35.2968
-0.625403 0.25703 -0.736754 19.9294
-0.529007 0.554419 0.642473 17.816
0 0 0 1

0.602433 -0.403558 -0.688632 74.1557
-0.794456 -0.220047 -0.566056 -8.33156
0.0769052 0.888099 -0.453173 13.0254
0 0 0 1

0.306105 0.712833 0.631007 83.155
-0.744763 -0.233551 0.625125 -0.409535
0.592982 -0.661304 0.459401 25.1097
0 0 0 1

0.519188 0.820098 -0.240589 70.0902
-0.608922 0.157419 -0.777453 -27.9468
-0.599714 0.550144 0.581106 22.2014
0 0 0 1

0.155557 -0.981617 0.110594 -29.6666
0.768772 0.049996 -0.637566 22.8046
0.620316 0.184199 0.762416 13.2098
0 0 0 1

-0.132866 -0.742908 -0.656075 -18.4601
-0.919944 -0.153904 0.360577 6.52049
-0.368849 0.651461 -0.662985 15.0485
0 0 0 1

0.520621 0.658768 -0.543119 21.8223
-0.058843 -0.60693 -0.792574 -13.5759
-0.851758 0.444589 -0.277217 15.4915
0 0 0 1

0.897049 0.10029 0.430401 -43.1857
0.427441 -0.444246 -0.787363 -36.3303
0.112239 0.890274 -0.441378 13.1857
0 0 0 1

-0.166615 -0.513924 -0.841499 21.5484
-0.940526 -0.173411 0.292128 74.6211
-0.296057 0.840125 -0.454467 13.0061
0 0 0 1

0.31394 -0.893768 -0.320345 68.1308
-0.12929 0.294016 -0.947016 41.6255
0.940599 0.338724 -0.0232519 19.821
0 0 0 1

0.0474093 -0.104559 -0.993388 -35.5354
-0.726992 0.678399 -0.1061 -70.4048
0.685007 0.727216 -0.0438508 17.3155
0 0 0 1

-0.0247965 0.0856403 0.996018 -20.1077
0.723101 0.689508 -0.0412837 -55.8337
-0.690298 0.719197 -0.0790239 16.9091
0 0 0 1

-0.446176 0.894744 0.018988 -75.138
-0.894824 -0.446364 0.00697799 24.996
0.014719 -0.0138774 0.999795 9.1267
0 0 0 1

-0.0318987 0.810385 0.585029 7.77753
-0.858246 0.277775 -0.431572 22.3596
-0.512246 -0.515866 0.686649 26.2519
0 0 0 1

-0.655353 -0.715713 0.241386 -9.59315
0.651913 -0.697371 -0.297797 -29.1599
0.381473 -0.0377993 0.923607 22.0362
0 0 0 1

