0.970175 0.226529 0.0862882 1.575
0.211664 -0.618151 -0.757025 2.11477
-0.118149 0.752711 -0.647663 5.25242
0 0 0 1

-0.950973 0.309111 0.0100219 4.6016
-0.306651 -0.946626 0.0993243 -37.9902
0.0401892 0.0913813 0.995005 8.31512
0 0 0 1

0.808294 -0.588765 -0.00399327 -24.0005
0.575175 0.788151 0.219068 19.6624
-0.125832 -0.179368 0.975701 9.60032
0 0 0 1

0.630628 -0.130806 -0.764982 49.3044
-0.711173 -0.492029 -0.502136 -12.7749
-0.310711 0.860696 -0.403313 12.472
0 0 0 1

0.868842 -0.495089 -0.00053896 2.61724
0.495089 0.868842 -0.000675841 65.0449
0.000802881 0.000320353 1 8.81925
0 0 0 1

0.895407 0.0572849 -0.441547 58.7428
-0.347729 -0.529397 -0.773837 51.1539
-0.278083 0.846438 -0.454107 13.0322
0 0 0 1

0.406379 -0.911177 -0.0679099 25.9251
-0.903776 -0.411779 0.116735 -19.4565
-0.13433 0.0139366 -0.990839 15.9162
0 0 0 1

-0.166244 0.118373 -0.978954 -75.5584
0.932117 -0.305064 -0.195177 -9.16406
-0.321748 -0.944946 -0.059623 8.90564
0 0 0 1

-0.55462 0.825729 0.102801 26.8159
-0.831551 -0.545504 -0.104631 50.0415
-0.0303186 -0.143515 0.989184 11.1735
0 0 0 1

0.818268 -0.0278659 -0.57416 -43.3425
-0.250966 -0.915922 -0.313213 -7.81377
-0.517158 0.400387 -0.756464 18.9081
0 0 0 1

-0.905687 -0.292954 0.306447 16.7473
0.404299 -0.379325 0.832259 17.6347
-0.127571 0.877662 0.461991 17.6617
0 0 0 1

-0.735144 0.669078 -0.109073 -46.2909
-0.675411 -0.736695 0.0331672 -47.0579
-0.058162 0.0980518 0.99348 10.3002
0 0 0 1

-0.561802 0.209902 0.8002 -15.0243
-0.494117 0.690643 -0.528072 -21.1785
-0.663496 -0.692064 -0.284289 17.977
0 0 0 1

0.714224 0.497187 0.492635 -17.3333
-0.342178 0.862036 -0.37391 15.7838
-0.610573 0.0984868 0.785812 30.0369
0 0 0 1

0.838199 -0.31102 0.447984 -64.0969
-0.541918 -0.382789 0.748196 30.7736
-0.0612211 -0.869907 -0.489401 12.5197
0 0 0 1

-0.0147068 -0.999892 0.000231445 40.6145
-0.996811 0.0146433 -0.0784416 29.1122
0.0784298 -0.00138438 -0.996919 24.6252
0 0 0 1

0.966413 0.117877 -0.228364 -19.896
0.256992 -0.444455 0.858146 79.6264
-0.000341847 -0.888012 -0.45982 16.8088
0 0 0 1

-0.606575 -0.782531 -0.140396 -28.7142
-0.0175403 0.189722 -0.981681 -7.20994
0.794832 -0.593001 -0.128807 35.4847
0 0 0 1

-0.199833 -0.114274 0.973143 -27.9122
-0.380621 0.924232 0.030371 -31.0898
-0.902881 -0.36433 -0.228188 44.5226
0 0 0 1

0.711558 -0.702626 0.000878215 47.6356
0.702482 0.711437 0.0193933 -65.1678
-0.0142511 -0.0131826 0.999812 9.13021
0 0 0 1

