0.693726 -0.719048 0.0413997 -1.43879
0.69469 0.652837 -0.302011 16.0501
0.190133 0.238273 0.952405 6.13715
0 0 0 1

0.934909 0.312714 -0.167796 6.97124
0.319205 -0.534344 0.782677 -46.5599
0.155093 -0.785293 -0.599383 9.63603
0 0 0 1

-0.948474 0.240789 0.205955 3.95376
0.304812 0.515881 0.800598 59.8085
0.0865266 0.822124 -0.562695 10.2266
0 0 0 1

0.805777 -0.47264 0.35684 -22.774
-0.0493149 -0.654004 -0.754882 9.59136
0.590162 0.590669 -0.550289 12.3192
0 0 0 1

-0.0760008 -0.0211123 0.996884 79.2928
0.986702 0.142466 0.0782417 -1.30405
-0.143674 0.989574 0.010004 7.6059
0 0 0 1

0.989634 -0.076497 0.121543 -23.507
-0.143611 -0.530256 0.835586 -31.9626
0.000529045 -0.844379 -0.535746 11.8377
0 0 0 1

-0.029019 0.504944 -0.862664 65.2567
0.990582 -0.101003 -0.092442 34.1933
-0.13381 -0.857223 -0.497257 12.0932
0 0 0 1

0.606815 0.693054 -0.389169 -25.7364
-0.267102 0.638946 0.72139 27.7002
0.74862 -0.333803 0.572838 17.7882
0 0 0 1

-0.974196 -0.225702 1.92747e-05 24.8508
0.225702 -0.974196 1.70032e-05 -6.67519
1.49632e-05 2.0819e-05 1 8.82203
0 0 0 1

-0.41736 0.0406121 0.907833 21.0921
0.839224 0.400436 0.367905 -73.8258
-0.348588 0.915424 -0.201209 15.9464
0 0 0 1

-0.452676 -0.483275 -0.749353 68.7276
-0.873303 0.0705697 0.48204 -44.6005
-0.180076 0.87262 -0.45399 12.9588
0 0 0 1

0.564686 -0.781716 -0.26467 44.6821
0.816687 0.483048 0.315734 59.0049
-0.118966 -0.394443 0.911187 13.7941
0 0 0 1

-0.83632 -0.440898 0.325848 2.4748
0.536785 -0.537651 0.650226 -21.3956
-0.111491 0.718707 0.686316 17.0365
0 0 0 1

-0.188851 -0.721367 -0.666307 39.5658
0.962182 -0.000279128 -0.272408 16.6464
0.19632 -0.692553 0.694139 14.5421
0 0 0 1

-0.575551 -0.721232 -0.385441 -33.1634
0.230607 -0.595349 0.769662 -17.818
-0.784577 0.354095 0.508975 26.7998
0 0 0 1

-0.366226 0.168826 0.915083 60.5002
0.881928 0.376624 0.283473 -25.7999
-0.296785 0.910852 -0.286822 26.2494
0 0 0 1

0.976085 0.130003 -0.174232 4.26525
-0.21675 0.520659 -0.825793 44.8845
-0.0166402 0.843809 0.536386 15.7076
0 0 0 1

-0.160096 -0.611944 0.774528 -59.2326
-0.874286 -0.276357 -0.399062 -2.40541
0.45825 -0.741047 -0.490771 11.8186
0 0 0 1

0.99852 -0.0519401 0.0161435 26.1364
-0.0191075 -0.0570855 0.998186 48.5578
-0.0509243 -0.997017 -0.0579934 34.8896
0 0 0 1

0.0859392 -0.869337 0.48669 33.8996
0.968108 -0.0425206 -0.246899 -25.2382
0.235332 0.492387 0.837958 30.5913
0 0 0 1

