0.979144 -0.114519 0.167817 9.05378
0.0432661 -0.689519 -0.722974 -21.9695
0.198507 0.715157 -0.670183 8.01952
0 0 0 1

-0.942499 -0.33329 -0.0247752 16.7088
0.332255 -0.942414 0.0382423 52.7869
-0.0360943 0.0278116 0.998961 8.8646
0 0 0 1

0.198747 -0.975141 0.0979743 -11.5555
0.970838 0.182218 -0.155786 14.7275
0.134061 0.126079 0.98292 6.77205
0 0 0 1

0.445203 0.89543 9.17911e-06 70.3973
-0.89543 0.445203 1.41422e-05 33.802
8.63334e-06 -1.45241e-05 1 8.82222
0 0 0 1

0.97325 -0.0352425 -0.227031 -44.7883
0.172518 -0.540502 0.823465 -20.9052
-0.151732 -0.840604 -0.519963 11.9492
0 0 0 1

0.966022 0.258024 -0.0149895 -16.2582
-0.128071 0.427501 -0.894897 -6.97557
-0.224497 0.86641 0.446021 19.36
0 0 0 1

0.995192 -0.0972777 0.0113733 30.4285
0.0979031 0.991285 -0.0881436 14.9554
-0.00269973 0.0888334 0.996043 9.17888
0 0 0 1

-0.559324 0.828949 3.83854e-05 -44.0207
-0.828947 -0.559323 0.00213356 67.8746
0.0017901 0.00116155 0.999998 8.82466
0 0 0 1

-0.867201 0.497958 1.42008e-05 -74.4807
-0.497958 -0.867201 -2.90473e-06 21.5047
1.08263e-05 -9.81307e-06 1 8.82233
0 0 0 1

-0.297639 0.416841 0.858868 66.6321
0.910575 0.394237 0.12422 -11.7266
-0.286818 0.819036 -0.496905 12.2554
0 0 0 1

0.85531 -0.225855 0.466298 37.3991
-0.516527 -0.442135 0.733292 -46.7306
0.0405489 -0.868047 -0.494822 12.3228
0 0 0 1

0.627725 -0.00976492 0.778374 18.1981
-0.767391 -0.175596 0.616666 -65.7999
0.130658 -0.984414 -0.11772 16.5578
0 0 0 1

0.856999 -0.515164 0.0126141 -24.7776
0.288563 0.459469 -0.840011 -33.9498
0.426948 0.723529 0.542422 20.0323
0 0 0 1

-0.935569 0.352929 0.0123338 -36.6118
0.282796 0.769659 -0.572408 36.1477
-0.211513 -0.532039 -0.819876 15.0402
0 0 0 1

-0.154723 0.757364 -0.634397 50.8377
-0.932352 0.100453 0.347316 55.3183
0.326772 0.64522 0.690588 16.6693
0 0 0 1

0.521689 0.486092 -0.70111 -11.5969
-0.450401 -0.541019 -0.710237 78.1663
-0.724555 0.686303 -0.0633074 17.6525
0 0 0 1

0.918591 -0.369776 0.139488 21.9075
-0.0641785 -0.487832 -0.870575 -2.53707
0.389964 0.79075 -0.47185 30.238
0 0 0 1

0.0147533 0.921598 0.387864 -65.5637
0.897784 0.158561 -0.410904 43.9811
-0.440189 0.35428 -0.825057 34.4571
0 0 0 1

-0.868292 0.365728 -0.335131 2.25244
0.0418645 -0.619156 -0.784151 -82.4528
-0.494284 -0.694902 0.522298 17.2365
0 0 0 1

0.233348 0.000924613 -0.972393 -34.0546
-0.967088 -0.104102 -0.232174 57.5742
-0.101442 0.994566 -0.0233977 30.6243
0 0 0 1

