0.555696 -0.789483 -0.260611 12.8692
0.793878 0.596973 -0.115675 -29.9503
0.246902 -0.142613 0.958489 12.0407
0 0 0 1

0.968847 0.104766 -0.224409 7.29107
-0.170096 0.940085 -0.295478 7.20073
0.180008 0.324444 0.928619 7.22078
0 0 0 1

0.527907 -0.848978 -0.0234506 -46.6824
0.849257 0.527963 0.0042295 28.7371
0.00879029 -0.0221482 0.999716 9.09506
0 0 0 1

0.306793 -0.925458 0.222273 57.2132
0.951731 0.296026 -0.0810926 5.68617
0.00924907 0.236423 0.971606 9.57575
0 0 0 1

0.311211 -0.535337 -0.785215 -43.1387
-0.949479 -0.210329 -0.232919 -15.5573
-0.0404628 0.818032 -0.573748 10.1786
0 0 0 1

-0.773245 -0.634107 -6.30617e-05 -77.0153
0.634107 -0.773245 -2.93096e-05 -22.646
-3.01918e-05 -6.27379e-05 1 8.821
0 0 0 1

0.567215 -0.704928 0.425845 -25.8826
-0.736372 -0.202541 0.64555 1.50774
-0.368815 -0.679745 -0.633973 15.5973
0 0 0 1

0.66647 0.745165 0.0233814 -1.06842
-0.729083 0.644892 0.229243 45.6737
0.155745 -0.16983 0.973088 9.87914
0 0 0 1

0.735462 0.393906 0.551302 29.054
0.479791 0.271758 -0.834235 -5.25952
-0.478431 0.878058 0.0108758 21.8843
0 0 0 1

0.811956 -0.368209 0.452934 -10.3892
-0.583718 -0.513209 0.629198 30.2839
0.000772793 -0.775267 -0.631633 22.026
0 0 0 1

0.443376 -0.854476 -0.27072 20.4312
0.872443 0.342132 0.348983 -73.9527
-0.205576 -0.390918 0.897174 14.0062
0 0 0 1

-0.359769 0.811201 -0.460998 -18.8454
0.907238 0.419531 0.0302134 15.4052
0.217912 -0.407365 -0.886886 30.9791
0 0 0 1

0.78566 -0.599642 -0.152208 -12.9485
0.431276 0.707254 -0.560172 -32.6168
0.443552 0.374461 0.814273 14.5653
0 0 0 1

-0.59235 0.46581 -0.657375 47.8748
0.792789 0.191617 -0.578591 62.7771
-0.143549 -0.863889 -0.482794 12.5268
0 0 0 1

0.594168 0.699768 -0.396596 -5.45178
0.0272749 -0.510315 -0.859555 9.23003
-0.803878 0.499903 -0.322299 46.7806
0 0 0 1

-0.917603 0.168552 -0.359994 -56.95
0.395217 0.483756 -0.780887 -52.3517
0.0425288 -0.858819 -0.51051 12.1757
0 0 0 1

0.441874 -0.725919 0.527056 -37.0371
-0.420099 0.351673 0.836566 -72.4434
-0.792631 -0.591073 -0.149562 19.0778
0 0 0 1

0.663283 0.69753 -0.271123 -11.2747
0.7023 -0.705315 -0.0964648 -75.3112
-0.258514 -0.126426 -0.957699 16.6449
0 0 0 1

0.732958 0.674566 -0.087944 51.1368
0.0919814 0.0298169 0.995314 -53.2757
0.674027 -0.737612 -0.040193 17.2095
0 0 0 1

-0.579037 0.782526 -0.228842 12.3828
-0.775158 -0.615386 -0.142936 -8.87398
-0.252677 0.0946234 0.962913 45.1088
0 0 0 1

