-0.978438 -0.184447 -0.092936 -19.5233
-0.0291818 0.568914 -0.821879 -20.9169
0.204466 -0.801446 -0.56203 11.1202
0 0 0 1

-0.989815 -0.139109 0.0302499 4.66026
0.051192 -0.149529 0.987431 67.7502
-0.132838 0.978923 0.155127 6.27648
0 0 0 1

0.268359 0.960231 0.0770654 16.405
-0.96226 0.263455 0.0681712 2.0188
0.0451568 -0.0924513 0.994693 7.55106
0 0 0 1

-0.638502 -0.113142 -0.761258 42.1689
-0.698366 0.500844 0.511313 -35.1145
0.323421 0.858111 -0.398804 12.9686
0 0 0 1

0.673583 0.0147688 0.738964 -21.0635
0.565956 -0.653347 -0.502824 14.2879
0.475374 0.756915 -0.448442 11.6143
0 0 0 1

-0.882156 -0.470958 1.87755e-06 33.9323
0.470958 -0.882156 -1.64946e-05 -70.0873
9.43812e-06 -1.36284e-05 1 8.82242
0 0 0 1

0.820071 -0.339919 0.460369 -9.21346
0.538573 0.186489 -0.821682 0.45662
0.193451 0.921779 0.336005 18.7087
0 0 0 1

0.999512 0.0221041 0.0220456 -26.5436
0.029666 -0.452578 -0.891231 -50.6765
-0.00972256 0.891451 -0.453013 12.9007
0 0 0 1

0.180495 0.983576 1.43051e-05 -62.3636
-0.983576 0.180495 -3.05613e-05 43.8528
-3.27063e-05 -8.57518e-06 1 8.82253
0 0 0 1

-0.897845 0.276501 -0.342668 -72.4228
0.0236918 -0.746776 -0.664654 21.248
-0.439673 -0.604875 0.663938 16.9388
0 0 0 1

-0.294051 -0.70857 0.641453 -6.31748
-0.94743 0.304655 -0.0977826 7.97257
-0.126136 -0.636485 -0.760905 38.7434
0 0 0 1

-0.608867 0.792967 0.0220002 42.632
-0.792268 -0.609257 0.0334298 18.8453
0.0399125 0.00292436 0.999199 9.63316
0 0 0 1

-0.515728 -0.856535 -0.0193075 -56.4181
0.856637 -0.515898 0.0047762 -52.7625
-0.0140516 -0.0140764 0.999802 9.16234
0 0 0 1

0.899921 -0.133011 0.415272 70.1198
0.125663 0.991047 0.0451122 -25.644
-0.417554 0.0115869 0.908578 16.6909
0 0 0 1

-0.699944 -0.366454 0.613017 -36.703
0.711848 -0.288398 0.640389 31.8305
-0.0578805 0.884612 0.462722 19.2417
0 0 0 1

0.286743 -0.800927 -0.525637 8.72959
0.713395 0.544725 -0.440844 -77.3404
0.639411 -0.248578 0.727573 18.0699
0 0 0 1

-0.591887 0.549337 -0.589829 78.0098
0.714251 0.0183543 -0.699649 5.0924
-0.373517 -0.835399 -0.403229 13.4974
0 0 0 1

0.894499 0.0784982 -0.440125 35.5878
-0.417165 0.500563 -0.758558 74.1033
0.160765 0.862134 0.4805 18.8614
0 0 0 1

-0.535611 0.841774 -0.0673649 -62.2033
-0.84409 -0.536045 0.0129923 -12.1279
-0.0251739 0.0638209 0.997644 9.47277
0 0 0 1

0.342744 -0.245479 0.906789 -28.3366
0.898521 0.367401 -0.240158 -18.6018
-0.274201 0.897082 0.346493 46.6777
0 0 0 1

