0.865143 0.495619 -0.0767405 49.9583
-0.497191 0.86764 -0.00159828 -17.5554
0.0657909 0.0395374 0.99705 9.47981
0 0 0 1

0.854087 -0.32175 0.408672 -4.57223
-0.327897 -0.942984 -0.057141 -26.9813
0.403756 -0.0851988 -0.910891 2.57777
0 0 0 1

0.980973 -0.0599095 -0.18467 -10.8842
0.138637 -0.449726 0.882341 38.0339
-0.135911 -0.891155 -0.432863 7.85571
0 0 0 1

0.0901152 0.429838 -0.898398 -1.74809
0.956132 -0.2898 -0.0427483 4.29959
-0.278731 -0.855135 -0.437097 12.6
0 0 0 1

0.0132367 0.999912 3.78787e-05 56.0783
-0.999912 0.0132367 1.95066e-05 45.4244
1.90596e-05 -3.81464e-05 1 8.82223
0 0 0 1

0.4491 -0.566665 -0.690797 -42.5751
-0.893434 -0.292795 -0.340657 9.0222
-0.00922335 0.77017 -0.637772 11.755
0 0 0 1

-0.935124 -0.353982 -0.0154601 -61.6346
-0.172027 0.415439 0.893206 48.1836
-0.309757 0.837918 -0.449381 12.9936
0 0 0 1

-0.807017 0.500927 0.312723 32.7223
-0.131634 0.363644 -0.92219 50.117
-0.575671 -0.785388 -0.227528 15.6427
0 0 0 1

0.957442 -0.288624 -6.85453e-06 -4.28458
0.288624 0.957442 -0.000758692 -79.9961
0.000225542 0.000724417 1 8.81544
0 0 0 1

-0.0305277 0.493354 0.869293 -55.1681
0.945615 -0.26753 0.18504 -23.7984
0.323852 0.827665 -0.458356 12.9548
0 0 0 1

-0.835232 0.0428501 0.548225 43.6297
0.474939 0.558708 0.67991 6.09007
-0.277164 0.828257 -0.487002 12.8182
0 0 0 1

0.786347 -0.230324 0.573245 7.4184
0.156406 0.971895 0.175947 39.6479
-0.597658 -0.0486965 0.800271 24.567
0 0 0 1

0.756615 -0.65386 7.15256e-06 -41.8162
0.653861 0.756615 3.05573e-06 -63.2138
-7.36239e-06 2.29805e-06 1 8.82225
0 0 0 1

0.982094 0.186356 0.0276112 20.8247
-0.183139 0.978772 -0.0920065 -53.538
-0.0441711 0.0853023 0.995376 9.96782
0 0 0 1

0.886437 -0.135293 -0.442633 21.4195
-0.457846 -0.116089 -0.881419 -28.9607
0.0678653 0.983981 -0.164849 16.5648
0 0 0 1

0.889262 -0.090634 -0.448329 -20.1168
-0.0512401 0.954262 -0.294548 -22.6416
0.45452 0.284902 0.843945 17.6199
0 0 0 1

-0.0945853 0.969846 -0.224616 46.7379
-0.905614 -0.177524 -0.38516 34.6452
-0.413421 0.166985 0.895097 31.8335
0 0 0 1

0.986737 0.00122236 -0.16232 -26.9475
0.0816849 0.860396 0.503037 19.2188
0.140275 -0.509625 0.848885 29.373
0 0 0 1

0.301138 0.534309 -0.789829 -69.2815
-0.941837 0.0370679 -0.334018 -40.9481
-0.149192 0.844476 0.514395 19.424
0 0 0 1

0.999907 -0.0115627 0.0072683 18.2981
-0.00519542 -0.814211 -0.580545 3.97242
0.0126306 0.580453 -0.814196 28.2529
0 0 0 1

