-0.0975525 0.995175 0.0105261 5.9949
0.867851 0.0902392 -0.48856 29.8853
-0.487153 -0.0385252 -0.872467 21.4848
0 0 0 1

0.636306 0.771437 1.09375e-05 -6.40342
0.771437 -0.636306 -3.36925e-05 -59.7257
-1.90696e-05 2.98937e-05 -1 25
0 0 0 1

0.670357 0.740586 0.0464097 30.1495
-0.739719 0.671895 -0.0370606 1.53731
-0.058629 -0.00948629 0.998235 1.20975
0 0 0 1

-0.132467 0.505534 -0.852577 101.763
0.833347 0.522504 0.180339 -19.0856
0.536643 -0.686604 -0.4905 19.8306
0 0 0 1

0.870654 -0.491895 7.46548e-06 -98.1892
-0.491895 -0.870654 6.3618e-06 40.3269
3.40577e-06 -9.21717e-06 -1 25.0005
0 0 0 1

-0.561688 0.340586 0.753995 -98.7287
0.622415 0.774358 0.113883 -4.96128
-0.545075 0.533264 -0.646933 21.2585
0 0 0 1

-0.0518414 0.309018 -0.949642 121.072
0.861014 -0.467918 -0.199266 19.0597
-0.505932 -0.827986 -0.241811 20.2269
0 0 0 1

0.416269 -0.909241 -6.94394e-06 -64.4587
-0.909241 -0.416269 -3.13916e-07 77.4551
-2.63255e-06 6.41911e-06 -1 25.0005
0 0 0 1

0.449811 0.323002 0.83267 -53.1069
0.112744 -0.94539 0.305822 -48.4387
0.885979 -0.0436836 -0.461663 22.1028
0 0 0 1

-0.309789 0.950805 -1.20699e-05 68.3597
-0.950805 -0.309789 1.19964e-05 -59.5682
7.67724e-06 1.52452e-05 1 0.000424385
0 0 0 1

0.364269 -0.642399 -0.674264 -30.6713
-0.681112 0.309997 -0.663316 -2.76466
0.635134 0.700874 -0.324623 19.7105
0 0 0 1

-0.222845 0.874711 0.430372 40.1233
0.415393 0.48459 -0.769819 -92.7735
-0.881924 0.00722333 -0.471337 22.4376
0 0 0 1

-0.901457 0.432869 -4.72367e-06 68.4076
-0.432869 -0.901457 6.87043e-06 18.7562
-1.28552e-06 8.18604e-06 1 0.000341415
0 0 0 1

-0.0211993 0.672152 -0.740109 -41.0772
-0.0525224 0.738505 0.6722 4.5127
0.998395 0.0531225 0.0196473 20.9602
0 0 0 1

0.286501 -0.95808 -1.2219e-05 87.6411
0.95808 0.286501 -3.44118e-06 62.5107
6.83681e-06 -1.07163e-05 1 0.000394821
0 0 0 1

0.99734 -0.0728908 -6.92904e-07 -24.261
0.0728908 0.99734 1.74443e-06 -103.959
5.6943e-07 -1.74454e-06 1 0.000528336
0 0 0 1

-0.219679 0.975572 -1.88947e-05 40.7691
-0.975572 -0.219679 4.72466e-06 96.7432
5.53403e-07 1.95407e-05 1 0.000515938
0 0 0 1

-0.434376 0.236822 0.869041 27.1627
0.474522 0.88024 -0.0026922 -46.2177
-0.765602 0.41121 -0.494732 22.8226
0 0 0 1

-0.941865 -0.0468031 0.332717 87.8681
-0.128616 -0.864604 -0.485714 47.6556
0.310401 -0.500269 0.808321 18.6082
0 0 0 1

0.989231 0.0909662 -0.114665 -15.6225
0.0382597 -0.916885 -0.397313 16.869
-0.141277 0.388647 -0.910491 44.1586
0 0 0 1

