0.828911 0.247996 0.501403 -82.1314
0.552182 -0.506103 -0.662537 46.5171
0.0894552 0.82605 -0.556453 22.6081
0 0 0 1

0.134911 0.990858 0.00020209 -76.7334
0.990858 -0.134911 -0.000101225 -25.8844
-7.30916e-05 0.000213856 -1 25.0015
0 0 0 1

0.0768604 0.475219 -0.876504 -44.9342
0.995829 0.00675456 0.0909863 10.2835
0.0491588 -0.879842 -0.472717 21.9435
0 0 0 1

0.845767 -0.533553 -4.61936e-06 -45.0144
0.533553 0.845767 -5.11011e-06 58.2727
6.63944e-06 1.88471e-06 1 0.000305176
0 0 0 1

-0.415377 -0.89068 -0.1848 -106.385
-0.909206 0.41286 0.053769 0.855915
0.0284055 0.190356 -0.981304 25.9072
0 0 0 1

-0.585409 0.161422 0.794506 81.148
0.661222 0.662121 0.352678 -67.7828
-0.469129 0.731805 -0.494347 22.8191
0 0 0 1

0.636535 -0.417937 -0.648191 -93.1182
-0.771185 -0.334117 -0.541886 -40.3749
0.0099024 0.844804 -0.534984 22.6779
0 0 0 1

0.410753 -0.911747 -3.48687e-06 53.254
0.911747 0.410753 -2.07027e-06 88.8179
3.34791e-06 -2.36623e-06 1 0.000508308
0 0 0 1

-0.529812 -0.848115 8.34465e-07 51.1215
0.848115 -0.529812 1.02917e-06 46.8898
-4.9937e-07 1.40735e-06 1 0.000458717
0 0 0 1

0.878614 -0.476627 -0.0294022 4.90006
0.474278 0.878145 -0.0626218 3.65956
0.0556666 0.0410755 0.997604 0.181548
0 0 0 1

0.984622 -0.0804175 0.155089 9.34059
0.173014 0.325879 -0.929446 39.1307
0.0242034 0.941985 0.334781 19.5272
0 0 0 1

-0.3833 0.669003 0.636802 14.8794
0.800461 0.584592 -0.132344 -32.7263
-0.460808 0.459007 -0.759584 22.7849
0 0 0 1

0.964611 0.263677 2.6226e-06 -66.7516
-0.263677 0.964611 -3.97762e-06 -82.8771
-3.5729e-06 3.14161e-06 1 0.000494003
0 0 0 1

-0.273077 0.910392 -0.31083 -37.66
0.0669364 0.340309 0.937928 -42.1571
0.959661 0.235321 -0.153869 22.0474
0 0 0 1

0.13126 0.91937 0.370849 42.509
0.57208 0.235266 -0.785732 -83.6535
-0.809627 0.315291 -0.495072 22.8298
0 0 0 1

-0.269648 0.64247 0.717302 -24.4308
0.891456 -0.115132 0.438237 -57.4502
0.364138 0.757612 -0.541689 22.6378
0 0 0 1

-0.805548 -0.305192 -0.507887 -22.4659
0.350527 0.445625 -0.823741 30.187
0.477727 -0.841591 -0.251994 23.1644
0 0 0 1

0.661186 0.140878 0.736876 -6.88709
0.19216 -0.981246 0.0151762 -23.2644
0.725195 0.131564 -0.675857 37.073
0 0 0 1

0.336372 0.941718 0.00460207 -23.929
0.835219 -0.296067 -0.463415 50.6328
-0.435044 0.159724 -0.886129 42.154
0 0 0 1

0.155566 0.985198 -0.0720024 -14.9357
-0.984623 0.160514 0.068943 -104.351
0.0794798 0.0601699 0.995019 1.95961
0 0 0 1

