0.69614 -0.717906 -6.53565e-05 44.144
0.717906 0.69614 2.84473e-05 -10.0634
2.50355e-05 -6.67268e-05 1 0.000455856
0 0 0 1

-0.786303 0.358226 0.503391 -98.6502
0.616886 0.409898 0.671889 -60.331
0.034349 0.838843 -0.543288 22.6069
0 0 0 1

-0.92604 -0.269095 -0.264648 14.7716
-0.369447 0.502867 0.78143 -42.8632
-0.0771961 0.821409 -0.565091 21.6841
0 0 0 1

-0.428149 0.210882 0.878759 -65.3457
0.0079423 0.973233 -0.229684 29.4306
-0.903673 -0.0913595 -0.418363 21.6395
0 0 0 1

0.242101 -0.41217 0.878352 -116.24
-0.822158 -0.567862 -0.0398594 4.31245
0.515212 -0.712494 -0.476349 19.4952
0 0 0 1

0.997883 0.0650322 2.68221e-06 81.5641
0.0650322 -0.997883 -1.96854e-05 -50.8301
1.3961e-06 1.98047e-05 -1 25.0005
0 0 0 1

-0.395534 -0.324858 0.859081 -24.4596
-0.196356 0.943642 0.266429 -83.7548
-0.897216 -0.0633046 -0.43703 21.633
0 0 0 1

-0.999441 -0.033441 -6.75581e-06 91.5488
0.033441 -0.999441 -1.32163e-05 54.3293
-6.30545e-06 -1.36335e-05 1 0.000270844
0 0 0 1

-0.58559 -0.810607 -4.72069e-05 -94.287
-0.810607 0.58559 4.95156e-05 50.9896
-1.24928e-05 6.71404e-05 -1 25.0003
0 0 0 1

0.46333 -0.542144 -0.701003 -37.9116
-0.829384 0.0133635 -0.558519 -7.38149
0.312165 0.84018 -0.443454 21.4964
0 0 0 1

0.943105 0.332495 -3.9041e-06 26.4396
-0.332495 0.943105 -2.72592e-06 -101.881
2.78688e-06 3.91553e-06 1 0.000476837
0 0 0 1

0.0370189 0.834937 0.5491 23.4568
0.582644 0.428384 -0.690662 58.5286
-0.811884 0.345497 -0.470612 22.4683
0 0 0 1

-0.402313 -0.286219 0.869611 34.0749
-0.542845 0.839456 0.0251546 100.199
-0.7372 -0.461944 -0.493097 22.8073
0 0 0 1

0.999403 0.00307826 0.0344125 0.394042
-0.000538154 0.997289 -0.0735803 8.31426
-0.0345457 0.0735178 0.996695 0.0358334
0 0 0 1

0.37106 -0.44754 -0.813648 -21.5362
-0.378869 -0.872919 0.307361 41.9837
-0.847805 0.194217 -0.493464 22.8892
0 0 0 1

0.85135 -0.122171 -0.510173 75.154
0.310105 -0.667197 0.677261 75.6191
-0.423128 -0.734794 -0.530133 28.124
0 0 0 1

0.129052 0.979037 -0.15758 62.6197
0.450327 -0.199439 -0.870304 -82.3075
-0.883488 0.0413519 -0.466625 22.4295
0 0 0 1

0.868494 -0.341612 0.359193 -31.5926
0.48366 0.425253 -0.765005 23.2491
0.108587 0.83813 0.534554 21.1098
0 0 0 1

0.9557 0.239183 -0.171547 -17.8214
-0.0129054 -0.548204 -0.836245 93.3153
-0.294059 0.801413 -0.520832 23.0164
0 0 0 1

-0.128677 -0.952008 0.277709 30.4917
-0.985354 0.0911435 -0.144119 16.9751
0.111891 -0.292186 -0.949793 33.888
0 0 0 1

