0.784518 -0.182281 0.59271 -25.783
0.577963 -0.13141 -0.805413 -98.5671
0.224699 0.974425 0.002258 20.969
0 0 0 1

-0.0559947 -0.490393 0.869701 -38.4273
-0.998421 0.0314458 -0.046551 -83.426
-0.00452015 -0.870934 -0.491379 22.7264
0 0 0 1

0.624349 0.135316 0.769336 -56.6765
0.521573 -0.805389 -0.281622 28.1807
0.581507 0.577095 -0.573421 21.0271
0 0 0 1

0.419916 0.338216 0.842188 -76.3582
0.0535378 -0.935582 0.349028 -11.6654
0.905983 -0.101474 -0.410973 21.2652
0 0 0 1

0.0892867 0.0453391 -0.994973 39.8247
-0.761061 -0.641308 -0.0975191 5.2418
-0.642506 0.765943 -0.0227545 17.745
0 0 0 1

0.976026 0.217497 0.00826507 -29.4745
0.0356572 -0.122322 -0.99185 6.25759
-0.214714 0.968366 -0.127144 21.1785
0 0 0 1

-0.931228 0.364438 -2.17557e-06 -49.7036
-0.364438 -0.931228 4.0094e-06 95.233
-5.67273e-07 4.48925e-06 1 0.000484467
0 0 0 1

0.675008 0.260734 0.690204 75.7057
0.562001 -0.787806 -0.252024 10.14
0.478036 0.558013 -0.678309 21.6948
0 0 0 1

-0.824104 0.33485 -0.456868 -12.4284
-0.487527 -0.00865277 0.873065 11.6056
0.288393 0.942232 0.170379 20.5701
0 0 0 1

-0.00525987 0.999986 -2.5332e-06 51.661
0.999986 0.00525984 -5.61873e-06 -91.79
-5.64853e-06 -2.62237e-06 -1 25.0004
0 0 0 1

0.865484 -0.275303 -0.418505 -35.1198
-0.500812 -0.456844 -0.735174 -26.4071
0.011204 0.845873 -0.533266 22.4894
0 0 0 1

0.763047 -0.626867 -0.157471 106.168
-0.422539 -0.299439 -0.855451 -17.2716
0.489101 0.719287 -0.493362 22.8613
0 0 0 1

0.76509 -0.643923 -4.32134e-06 75.6591
0.643923 0.76509 1.02917e-06 -48.3087
2.68055e-06 -3.54284e-06 1 0.000470161
0 0 0 1

-0.130713 -0.49728 -0.857687 17.9653
0.858934 0.37524 -0.348464 3.24443
0.495123 -0.782245 0.378082 16.7385
0 0 0 1

0.420859 -0.650904 -0.631824 16.5776
-0.177856 -0.742202 0.646145 -91.5255
-0.889519 -0.159563 -0.42813 21.4333
0 0 0 1

0.523581 0.175399 0.833725 33.7664
0.623341 -0.745952 -0.234526 -41.2442
0.580783 0.642488 -0.4999 22.8369
0 0 0 1

0.437833 -0.899014 -0.00869274 -8.03917
0.898975 0.437903 -0.00921194 105.307
0.0120883 -0.0037813 0.99992 0.255883
0 0 0 1

0.581895 0.813258 0.00303608 10.3007
0.813262 -0.581882 -0.00429817 -41.2109
-0.00172886 0.00497023 -0.999986 25.0311
0 0 0 1

-0.583956 -0.530685 -0.614304 48.3651
-0.716234 -0.0193792 0.697591 -85.7892
-0.382106 0.847347 -0.368778 43.5804
0 0 0 1

-0.329418 -0.928011 -0.174008 -37.118
0.839643 -0.203636 -0.50352 -6.06101
0.431838 -0.311973 0.84628 35.899
0 0 0 1

