0.213157 0.773137 -0.597347 31.2531
0.855469 0.147645 0.496361 -39.8339
0.47195 -0.616814 -0.629923 22.1957
0 0 0 1

0.285723 -0.958312 1.72853e-05 -14.9008
-0.958312 -0.285723 -2.6981e-06 104.734
7.58751e-06 -1.58673e-05 -1 25.0005
0 0 0 1

0.100158 0.731342 -0.674617 -100.649
0.720763 0.414083 0.55591 -25.9468
0.685908 -0.541918 -0.48565 22.4712
0 0 0 1

0.982675 -0.0916266 -0.161101 -36.9094
-0.0860876 -0.995442 0.0410474 2.89439
-0.164128 -0.0264675 -0.986084 24.2902
0 0 0 1

0.152536 0.596333 0.788111 98.0137
0.974056 0.0441798 -0.221953 6.41494
-0.167177 0.80152 -0.574123 21.0583
0 0 0 1

0.748201 -0.0662429 -0.660157 35.8926
-0.268062 -0.940357 -0.209453 4.31853
-0.606909 0.333676 -0.721333 21.1346
0 0 0 1

0.637058 0.416483 -0.648613 -83.6133
0.766326 -0.25152 0.59117 -52.2702
0.0830727 -0.873659 -0.479394 22.6133
0 0 0 1

0.177719 0.460804 -0.869526 70.5836
0.858125 0.359946 0.366142 -21.7638
0.481703 -0.811233 -0.331459 19.8094
0 0 0 1

-0.676751 -0.602623 -0.422911 -2.53303
-0.643535 0.763234 -0.0577641 -16.6596
0.35759 0.233066 -0.904328 27.5491
0 0 0 1

-0.842643 0.538472 1.01328e-06 15.7514
-0.538472 -0.842643 4.33126e-07 67.6611
1.10895e-06 -1.56042e-07 1 0.000519753
0 0 0 1

-0.0190037 -0.800387 0.599183 90.8899
-0.633532 -0.453986 -0.626526 55.038
0.773484 -0.391508 -0.498443 22.8556
0 0 0 1

-0.695097 0.718916 4.05312e-06 -16.5726
-0.718916 -0.695097 -6.39758e-07 -98.4118
2.35276e-06 -3.36824e-06 1 0.000542641
0 0 0 1

0.261286 0.965261 -2.41995e-05 65.9661
0.965261 -0.261286 -2.58247e-05 82.5545
-3.11906e-05 -1.65815e-05 -1 25.0004
0 0 0 1

-0.633175 0.396546 0.664711 -57.368
-0.0679229 0.82701 -0.558069 99.3901
-0.771023 -0.398504 -0.496707 22.7429
0 0 0 1

0.849508 0.505361 0.151476 -68.5465
-0.477095 0.858438 -0.188319 -72.6513
-0.225202 0.0877105 0.970356 4.91848
0 0 0 1

-0.61746 -0.724009 0.307498 -29.0774
0.714755 -0.353192 0.60364 33.6036
-0.328435 0.592509 0.73557 13.7644
0 0 0 1

0.615918 0.108072 0.780362 -41.7932
-0.0322141 -0.986263 0.162013 4.06013
0.787151 -0.124926 -0.603976 43.0713
0 0 0 1

0.080885 -0.984701 -0.154345 11.5748
0.674638 0.168076 -0.718759 55.7853
0.733704 -0.0459899 0.677911 14.9325
0 0 0 1

-0.617534 -0.616633 0.488278 25.9455
-0.118054 0.686421 0.717558 96.6273
-0.777634 0.385473 -0.496684 22.8218
0 0 0 1

0.910883 0.366199 0.190238 58.6207
-0.398318 0.900715 0.173363 31.8541
-0.107865 -0.233689 0.96631 5.24465
0 0 0 1

