0.725682 0.079494 0.683422 -40.4384
-0.446325 -0.701559 0.555527 -33.9006
0.523622 -0.708164 -0.473628 19.6705
0 0 0 1

0.938061 0.33872 0.0728676 105.042
0.107048 -0.483374 0.868844 15.0588
0.329517 -0.807229 -0.489694 22.7606
0 0 0 1

0.277503 0.683747 -0.674894 17.658
0.655788 -0.648184 -0.38704 -31.1148
-0.702093 -0.335183 -0.628266 22.1191
0 0 0 1

0.362864 0.276277 -0.889944 99.8189
0.812233 -0.561879 0.156747 -11.2662
-0.456735 -0.77972 -0.428287 19.9297
0 0 0 1

-0.470703 0.484235 0.737533 -45.2305
0.438918 0.853667 -0.280362 20.5642
-0.765369 0.191749 -0.614363 22.2384
0 0 0 1

0.318969 0.397844 -0.86022 -64.0299
0.885683 -0.448215 0.121115 -72.6818
-0.337379 -0.800514 -0.495331 22.7775
0 0 0 1

-0.928687 -0.370864 -0.000778817 23.8047
-0.220377 0.550157 0.805457 98.7366
-0.298287 0.748189 -0.592653 22.3624
0 0 0 1

0.478671 -0.877994 -2.40803e-05 70.682
-0.877994 -0.478671 -6.1194e-07 81.2436
-1.09758e-05 2.14367e-05 -1 25.0004
0 0 0 1

-0.139204 0.989667 -0.0343873 41.6411
-0.990262 -0.139185 0.0029573 -16.0242
-0.00185953 0.0344641 0.999404 0.836449
0 0 0 1

0.67902 0.107297 -0.726236 -27.8421
-0.383651 -0.791558 -0.475655 -97.9203
-0.625894 0.601601 -0.49632 22.6778
0 0 0 1

0.661753 0.282345 0.694524 -99.9244
0.576354 -0.784042 -0.230422 2.26558
0.479478 0.552774 -0.681573 21.7097
0 0 0 1

0.994364 0.106024 1.11759e-08 -15.7823
-0.106024 0.994364 -1.1762e-06 80.5635
-1.38745e-07 1.17595e-06 1 0.000335693
0 0 0 1

0.703102 -0.291827 0.648448 -7.87941
-0.706738 -0.387516 0.591906 42.6002
0.0785505 -0.874453 -0.478708 22.4269
0 0 0 1

0.840999 -0.460725 0.283643 21.2644
-0.192592 0.234988 0.952727 73.2108
-0.505598 -0.85587 0.108893 18.7152
0 0 0 1

-0.736459 -0.676482 4.35114e-06 36.01
0.676482 -0.736459 -3.85841e-06 27.8033
5.81122e-06 2.06227e-07 1 4.48227e-05
0 0 0 1

-0.581712 0.255376 0.772266 63.011
0.00580106 0.950714 -0.310016 41.256
-0.813374 -0.17586 -0.554523 23.6624
0 0 0 1

-0.342263 0.480218 -0.807618 82.5782
0.437518 -0.67921 -0.589281 -20.4142
-0.831525 -0.555036 0.0223646 20.6665
0 0 0 1

0.70811 -0.353772 0.611085 -16.2952
0.626792 0.71343 -0.31329 10.7381
-0.325133 0.604867 0.726928 12.3884
0 0 0 1

-0.241572 -0.0651611 0.968193 0.42406
0.0748384 -0.996022 -0.0483613 3.15913
0.967493 0.0607751 0.245488 28.4115
0 0 0 1

-0.0357205 0.986885 -0.157422 43.9937
-0.820243 -0.118939 -0.559513 18.0328
-0.570899 0.109138 0.813734 26.1473
0 0 0 1

