-0.575176 0.81803 1.96397e-05 -38.7562
-0.81803 -0.575176 -1.54217e-05 -5.04597
-1.28745e-06 -2.49399e-05 1 0.000533104
0 0 0 1

-0.52288 -0.430857 0.735499 40.1088
-0.616402 0.787099 0.0228722 6.07909
-0.588765 -0.441403 -0.67714 21.7766
0 0 0 1

0.437669 -0.899136 -4.82798e-06 5.67702
0.899136 0.437669 -1.45872e-05 58.2629
1.52385e-05 2.04569e-06 1 0.0004282
0 0 0 1

0.999034 0.0439314 1.02259e-06 35.2945
-0.0439314 0.999035 1.86364e-06 -55.7055
-9.38831e-07 -1.98289e-06 1 0.000552177
0 0 0 1

-0.130547 -0.489981 0.861902 -41.0649
-0.921503 0.380693 0.0768454 96.4663
-0.365773 -0.784214 -0.501217 22.7372
0 0 0 1

-0.857688 0.513794 0.0196472 -53.9029
0.513721 0.85791 -0.00897856 -93.2591
-0.0214686 0.00239239 -0.999767 25.2199
0 0 0 1

-0.64872 -0.761027 -1.63913e-06 26.4864
0.761027 -0.64872 -1.92364e-05 100.2
1.35933e-05 -1.37374e-05 1 0.000412941
0 0 0 1

0.953985 -0.299854 9.37283e-06 -51.5414
0.299854 0.953985 -3.20276e-06 36.0888
-7.98882e-06 5.82335e-06 1 0.000359535
0 0 0 1

-0.761292 0.442573 -0.473881 -52.7144
-0.176155 -0.844517 -0.505728 -21.4734
-0.624022 -0.301531 0.720885 14.0002
0 0 0 1

0.423502 -0.905895 -6.13928e-06 -82.9264
0.905895 0.423502 4.0094e-06 63.9413
-9.73681e-07 -7.25325e-06 1 0.000458717
0 0 0 1

-0.493031 0.782206 -0.380885 -89.5521
0.281864 0.55779 0.780655 -58.2367
0.823088 0.27753 -0.495484 22.8476
0 0 0 1

-0.662731 0.748858 9.83477e-06 2.91465
-0.748858 -0.662731 -1.68522e-05 -107.648
-6.11241e-06 -1.86256e-05 1 0.000133514
0 0 0 1

0.802102 -0.597186 3.96371e-06 52.2051
0.597186 0.802102 -2.07027e-06 -94.1852
-1.97065e-06 4.02857e-06 1 0.000483513
0 0 0 1

0.778288 -0.589212 -0.21702 -19.3079
0.625134 0.759548 0.179706 -82.3863
0.0589519 -0.27553 0.959483 5.7386
0 0 0 1

-0.618724 0.179898 0.764734 -6.35482
-0.372057 -0.924442 -0.0835523 12.1348
0.691921 -0.33622 0.638906 15.282
0 0 0 1

0.474341 -0.760684 -0.443126 -45.9956
-0.156821 -0.568319 0.807726 24.1438
-0.866261 -0.313646 -0.388868 43.0073
0 0 0 1

0.456092 0.781053 0.42654 -24.1282
0.789068 -0.576558 0.212021 -49.6531
0.411525 0.239868 -0.879267 27.4801
0 0 0 1

0.212142 0.921318 0.325837 61.4448
0.568739 0.154743 -0.807831 86.6382
-0.79469 0.35669 -0.491161 22.8485
0 0 0 1

-0.84305 -0.535084 -0.0543281 5.23147
0.0678509 -0.206017 0.976193 -30.6765
-0.533538 0.819293 0.209988 18.0984
0 0 0 1

0.913767 0.345518 -0.213651 -35.7842
-0.046522 -0.433463 -0.89997 9.42834
-0.403565 0.832303 -0.38001 44.363
0 0 0 1

