0.919112 -0.393996 1.49012e-07 -4.13452
0.393996 0.919112 -4.03722e-06 16.3207
1.44773e-06 3.79527e-06 1 0.000366211
0 0 0 1

0.903271 -0.429071 -1.3262e-06 50.6496
0.429071 0.903271 7.54979e-08 -63.0926
1.16614e-06 -6.75773e-07 1 0.000544548
0 0 0 1

0.990836 -0.135069 1.55717e-06 -25.2025
0.135069 0.990836 5.32071e-06 -71.3069
-2.27397e-06 -5.08269e-06 1 0.000486374
0 0 0 1

-0.246619 0.969113 8.76188e-06 92.8318
0.969113 0.246619 -4.18822e-06 49.7505
-6.24593e-06 7.46136e-06 -1 25.0003
0 0 0 1

-0.533386 -0.48036 -0.696242 -79.799
-0.845786 0.29116 0.44707 44.7037
-0.0120366 0.827333 -0.561583 22.4626
0 0 0 1

-0.568285 0.822832 1.20401e-05 66.0297
-0.822832 -0.568285 8.30094e-06 -22.3871
1.36731e-05 -5.27005e-06 1 0.000329018
0 0 0 1

-0.670735 0.738803 -0.0654557 12.8789
0.317623 0.365863 0.874791 -85.6897
0.670246 0.565963 -0.480058 20.2703
0 0 0 1

-0.0290143 0.999579 5.48363e-06 -35.5453
-0.999579 -0.0290144 1.98285e-06 76.042
2.16168e-06 -5.36569e-06 1 0.000400543
0 0 0 1

0.985688 0.0378946 0.164263 -46.939
-0.122183 -0.510746 0.851006 28.3712
0.116145 -0.858896 -0.498806 22.8699
0 0 0 1

0.324961 -0.83511 -0.443837 10.6997
-0.781657 0.0270113 -0.623123 -35.8416
0.532365 0.549419 -0.643992 22.0369
0 0 0 1

0.727654 -0.685944 4.79817e-06 106.989
0.685944 0.727654 3.05573e-06 -11.4872
-5.60266e-06 1.10469e-06 1 0.000385284
0 0 0 1

0.983291 -0.18204 -1.78814e-07 -93.8993
0.18204 0.983291 1.02917e-06 -40.9574
-2.18451e-08 -1.0299e-06 1 0.000547409
0 0 0 1

-0.802734 -0.340702 -0.489429 49.5886
-0.595843 0.42482 0.681542 47.9455
-0.0242835 0.838719 -0.544022 22.4308
0 0 0 1

-0.828534 0.559909 0.00574771 80.1348
0.559864 0.828548 -0.00780471 8.90614
-0.00913218 -0.00324866 -0.999953 25.1111
0 0 0 1

-0.854672 -0.519169 -4.76837e-07 32.1904
0.519169 -0.854672 -4.57366e-06 88.1258
1.98965e-06 -4.09047e-06 1 0.000536919
0 0 0 1

0.457893 0.712933 -0.531094 -104.336
0.245493 -0.675573 -0.695222 12.4162
-0.85444 0.187957 -0.48436 22.4843
0 0 0 1

0.32506 -0.945368 0.0248165 5.76243
0.901499 0.31769 0.293892 51.742
-0.28572 -0.0731604 0.955516 5.0505
0 0 0 1

0.805845 0.575029 0.141265 46.02
0.191555 -0.47891 0.85671 -104.355
0.560286 -0.663316 -0.496076 22.837
0 0 0 1

0.147819 -0.390943 0.908467 -30.3894
0.620612 0.751866 0.222571 41.1137
-0.770058 0.530906 0.353764 23.4328
0 0 0 1

-0.433002 -0.760301 0.484201 -39.6521
0.467186 -0.648684 -0.600788 -13.2612
0.770874 -0.0339305 0.636083 14.262
0 0 0 1

