0.540036 -0.841642 1.00434e-05 -21.2582
0.841642 0.540036 4.96308e-06 39.842
-9.52976e-06 5.74565e-06 1 0.00037384
0 0 0 1

0.442459 0.896789 4.30942e-05 50.4582
0.896789 -0.442459 -3.29415e-06 -62.6986
1.60728e-05 4.00946e-05 -1 25.0005
0 0 0 1

-0.800626 -0.304256 0.516165 30.188
-0.495362 -0.148509 -0.855898 -20.254
0.337068 -0.940943 -0.0318171 20.7346
0 0 0 1

-0.461081 -0.657952 0.595402 -85.8051
-0.673223 -0.177741 -0.71776 -11.0089
0.578079 -0.731783 -0.360995 20.1313
0 0 0 1

0.951815 0.306671 -1.04308e-05 -16.0366
-0.306671 0.951816 -7.97113e-06 82.6779
7.43718e-06 1.07704e-05 1 0.000324249
0 0 0 1

-0.566128 0.807216 -0.167036 61.8713
0.53414 0.513568 0.671522 -72.3954
0.627848 0.290947 -0.721912 46.0582
0 0 0 1

-0.477337 -0.692406 0.541039 50.2627
-0.732144 -0.0270898 -0.680611 85.7115
0.485916 -0.720999 -0.49401 22.8334
0 0 0 1

0.466145 0.121784 0.876286 90.349
0.273432 -0.961819 -0.0117824 -45.0163
0.841394 0.245097 -0.481647 22.6118
0 0 0 1

-0.472883 0.0937815 0.87612 55.3029
-0.107846 0.980684 -0.163184 -20.1461
-0.874501 -0.171653 -0.453635 21.3297
0 0 0 1

-0.495639 -0.274026 0.824167 -10.3277
0.70217 0.432066 0.565929 -50.9637
-0.511174 0.859203 -0.0217361 21.1363
0 0 0 1

0.74632 -0.407815 -0.526016 8.48009
-0.665583 -0.459835 -0.587835 -99.5427
-0.00215244 0.788821 -0.61462 22.1236
0 0 0 1

0.762941 0.116444 0.635894 -88.3354
-0.386849 -0.705855 0.593394 21.4574
0.517946 -0.69872 -0.49348 22.7772
0 0 0 1

0.292431 0.9462 0.138529 103.222
0.362492 -0.243731 0.899552 -1.05851
0.88492 -0.212841 -0.414264 21.4058
0 0 0 1

0.494603 -0.869119 -4.61936e-06 -59.4244
0.869119 0.494603 -7.01745e-06 -64.4617
8.38264e-06 -5.74427e-07 1 0.000324249
0 0 0 1

0.411857 0.499678 0.762034 -86.3545
0.909426 -0.27825 -0.309065 70.5263
0.0576028 0.820304 -0.569019 22.8075
0 0 0 1

-0.54881 -0.534616 -0.642645 -46.3588
-0.835654 0.37122 0.40482 7.62175
0.0221396 0.759198 -0.650483 21.7667
0 0 0 1

-0.708823 -0.437595 0.553246 -35.4588
0.0737929 0.734011 0.675116 -110.385
-0.701516 0.519363 -0.487992 22.6888
0 0 0 1

0.452552 0.891738 -1.12653e-05 38.279
-0.891738 0.452552 -5.46773e-06 18.6959
1.99439e-07 1.25368e-05 1 0.000234604
0 0 0 1

-0.94755 -0.319608 -2.27988e-06 87.3421
0.319608 -0.94755 -5.16971e-06 48.9627
-5.0757e-07 -5.64426e-06 1 0.000499725
0 0 0 1

0.110833 0.970898 0.212304 -18.8634
-0.797261 -0.0406839 0.602262 -70.8606
0.593372 -0.236012 0.76955 12.1907
0 0 0 1

