0.967349 0.20466 0.149502 21.3823
0.248355 -0.647755 -0.720232 -33.3937
-0.0505617 0.733845 -0.677433 22.771
0 0 0 1

0.559046 0.829136 -1.20699e-05 23.6275
-0.829136 0.559047 6.15517e-06 2.12456
1.17953e-05 6.58095e-06 1 4.673e-05
0 0 0 1

-0.193438 -0.853117 -0.484533 -31.5188
-0.979622 0.195162 0.047468 -5.07079
0.0540667 0.483841 -0.873484 24.438
0 0 0 1

-0.803348 0.588393 -0.0917861 -31.8564
0.39731 0.41476 -0.818608 -96.5111
-0.443594 -0.694095 -0.566971 22.5524
0 0 0 1

-0.828938 0.559341 2.02656e-06 -60.3348
0.559341 0.828938 7.58967e-07 87.8025
-1.28685e-06 1.76477e-06 -1 25.0005
0 0 0 1

-0.17503 0.479852 -0.859713 -94.5574
0.984539 0.0792231 -0.156225 -36.2851
-0.00685573 -0.873765 -0.486299 22.7518
0 0 0 1

0.35454 -0.537356 -0.765212 -18.4174
-0.931974 -0.136851 -0.335703 68.6914
0.0756717 0.832178 -0.549321 22.5617
0 0 0 1

-0.850099 0.326826 -0.412936 -72.0868
0.517425 0.372453 -0.770422 -67.4374
-0.0979944 -0.868599 -0.48573 22.7318
0 0 0 1

-0.464047 0.815266 0.346411 -7.99086
0.282961 0.507007 -0.814173 36.7682
-0.8394 -0.279794 -0.465964 20.3168
0 0 0 1

-0.983901 -0.178716 9.70811e-06 -74.0119
-0.178716 0.983901 1.19646e-05 -11.5337
-1.16978e-05 1.00566e-05 -1 25.0005
0 0 0 1

0.910913 -0.410453 0.0420089 103.784
-0.236238 -0.435371 0.868703 -30.6378
-0.338272 -0.801237 -0.49355 22.7817
0 0 0 1

0.000965476 -0.723489 -0.690335 1.44345
0.350931 -0.646186 0.67771 -36.1651
-0.936401 -0.242915 0.253271 18.6669
0 0 0 1

-0.514154 0.833502 0.202287 -65.7073
-0.671975 -0.538023 0.508901 -57.4588
0.533006 0.125722 0.836719 11.1276
0 0 0 1

-0.830307 0.548679 0.097683 -4.84713
-0.245281 -0.517164 0.819987 -93.279
0.500428 0.656881 0.563985 13.3889
0 0 0 1

0.0506526 -0.99463 -0.0902492 -96.431
-0.459804 -0.103443 0.881975 41.7025
-0.886575 -0.00317741 -0.462575 22.1575
0 0 0 1

0.953414 0.301562 0.00782539 67.9965
0.301581 -0.952223 -0.0481625 83.5457
-0.00707245 0.0482788 -0.998809 25.4747
0 0 0 1

0.982224 0.187652 -0.00479159 64.3283
0.187379 -0.978636 0.0846228 42.4117
0.0111904 -0.0840164 -0.996401 25.8918
0 0 0 1

0.58986 0.807505 -5.39422e-06 100.979
-0.807505 0.58986 1.94707e-07 37.4352
3.36217e-06 4.25771e-06 1 0.000510216
0 0 0 1

0.400944 0.525292 0.750541 45.0519
0.913833 -0.171696 -0.368008 -89.3616
-0.0644463 0.83342 -0.54887 22.6273
0 0 0 1

-0.677806 -0.626126 -0.385415 64.7956
0.601263 -0.77373 0.19956 -29.8167
-0.423157 -0.0964729 0.900906 8.13104
0 0 0 1

