0.971797 0.235818 4.69387e-07 -16.5731
0.235818 -0.971797 -2.18312e-05 -55.293
-4.68356e-06 2.1296e-05 -1 25.0003
0 0 0 1

0.190832 -0.981623 1.10865e-05 -39.7955
0.981623 0.190832 -1.18454e-05 -21.5677
9.43064e-06 1.3181e-05 1 0.000391006
0 0 0 1

0.810516 0.228962 -0.539111 49.4958
0.580602 -0.435442 0.687962 93.3002
-0.0772344 -0.870613 -0.485868 22.7469
0 0 0 1

0.874466 -0.210945 -0.43682 95.6823
0.227847 -0.616367 0.753776 49.509
-0.428247 -0.758679 -0.490928 22.845
0 0 0 1

0.859377 0.265827 0.436815 -56.7619
0.510821 -0.484865 -0.709907 74.7647
0.0230838 0.833212 -0.552472 22.5868
0 0 0 1

0.951572 0.307427 -7.6741e-06 -49.0483
-0.307427 0.951572 -4.21604e-06 30.6278
5.99173e-06 6.35969e-06 1 0.000180244
0 0 0 1

-0.897645 0.307151 -0.316056 106.826
0.31743 0.948075 0.0198126 -6.24606
0.30573 -0.0825411 -0.948534 26.3721
0 0 0 1

0.765668 -0.50335 0.400489 63.0173
0.562834 0.825682 -0.0382967 -6.56775
-0.3114 0.254732 0.915501 5.96926
0 0 0 1

-0.873085 0.487568 -3.08603e-05 34.7598
-0.487568 -0.873085 6.87043e-06 4.73279
-2.36099e-05 2.09427e-05 1 0.000160217
0 0 0 1

-0.682858 -0.0693501 -0.727252 0.358229
0.572542 0.567516 -0.591711 52.7303
0.453762 -0.820437 -0.347827 20.0271
0 0 0 1

-0.996605 -0.0823281 4.85778e-06 -83.9283
0.0823281 -0.996605 8.18173e-06 -16.7209
4.16847e-06 8.53951e-06 1 0.00045681
0 0 0 1

0.473002 0.533876 0.700889 12.7485
0.138739 -0.830713 0.539136 -101.678
0.870069 -0.157772 -0.466998 22.3139
0 0 0 1

0.812325 0.175388 0.556208 8.27089
-0.402726 -0.521122 0.752492 -32.9771
0.42183 -0.835267 -0.352687 19.827
0 0 0 1

0.379894 -0.637958 -0.669843 49.4621
-0.256591 -0.76839 0.586292 -69.1734
-0.88873 -0.0508526 -0.455601 22.1975
0 0 0 1

0.151428 -0.208887 -0.966145 -18.2374
-0.691317 0.676226 -0.254558 9.95224
0.706506 0.706459 -0.0420081 20.9732
0 0 0 1

0.795613 0.539364 -0.275838 3.8011
-0.486753 0.840218 0.238966 10.1125
0.360653 -0.0558592 0.931026 7.41398
0 0 0 1

0.296819 0.950388 0.0930588 63.2406
-0.928897 0.264751 0.258955 -6.86289
0.22147 -0.163305 0.961396 32.8888
0 0 0 1

-0.618544 0.578075 -0.532196 59.2542
-0.20207 -0.771556 -0.603215 -22.5464
-0.759323 -0.265574 0.594053 20.1628
0 0 0 1

-0.161273 -0.981363 0.10449 18.0053
0.580734 -0.00875995 0.814046 -20.3576
-0.797959 0.191964 0.571324 36.4677
0 0 0 1

0.696347 -0.708639 -0.113719 8.03511
0.700417 0.705556 -0.107731 18.0483
0.156577 -0.00463268 0.987655 33.0191
0 0 0 1

