-0.0350771 0.974343 -0.22232 -6.99622
0.979296 -0.0108686 -0.202144 -7.78335
-0.199374 -0.224808 -0.953788 22.1703
0 0 0 1

-0.995777 0.0833817 0.0384233 33.7525
0.0794947 0.573705 0.815195 -87.1766
0.0459287 0.814807 -0.57791 22.3857
0 0 0 1

-0.341944 -0.93972 5.24521e-06 63.5892
-0.93972 0.341944 -3.05573e-06 83.5457
1.09141e-06 -5.94552e-06 -1 25.0005
0 0 0 1

0.0811793 0.591813 -0.801977 -37.6231
0.882215 0.331756 0.334118 95.4122
0.463796 -0.734639 -0.495175 22.6896
0 0 0 1

0.782908 0.622118 0.00488093 19.4936
0.621917 -0.782816 0.0204714 105.709
0.0165564 -0.0129917 -0.999779 25.2128
0 0 0 1

0.637995 -0.77004 -6.88434e-06 -26.8453
0.770041 0.637995 -1.59343e-06 57.8195
5.6365e-06 -4.26365e-06 1 0.000464439
0 0 0 1

0.667363 0.744732 2.32458e-06 94.0042
-0.744732 0.667363 8.65857e-06 50.023
4.85503e-06 -7.60022e-06 1 0.00044632
0 0 0 1

0.217358 0.976092 -1.19209e-06 -88.5469
0.976092 -0.217358 4.33525e-06 49.3658
3.88717e-06 -2.15527e-06 -1 25.0005
0 0 0 1

0.835832 0.510845 0.201054 12.0824
0.0716698 -0.464631 0.882599 60.2156
0.544287 -0.723295 -0.424966 19.8956
0 0 0 1

0.810203 -0.190282 -0.554404 94.8705
0.301534 -0.675783 0.672602 -67.644
-0.502641 -0.712116 -0.490146 22.7223
0 0 0 1

0.0684549 0.997654 -3.93391e-06 -59.9339
-0.997654 0.0684549 -9.34204e-06 31.9813
-9.01411e-06 4.53295e-06 1 0.000427246
0 0 0 1

-0.930673 -0.338014 0.139976 92.8795
0.358988 -0.76997 0.527516 50.4936
-0.0705306 0.541195 0.837934 19.9315
0 0 0 1

-0.362487 -0.646129 -0.671655 113.207
0.837419 -0.542116 0.069565 -8.7404
-0.409063 -0.53724 0.737591 10.6404
0 0 0 1

-0.824992 -0.276891 -0.492666 62.6433
0.178807 -0.954856 0.237232 -44.2783
-0.536112 0.107622 0.837258 11.0515
0 0 0 1

0.190187 -0.981748 1.63913e-06 75.7274
0.981748 0.190187 -6.71943e-06 12.0577
6.2418e-06 2.86934e-06 1 0.000461578
0 0 0 1

-0.576074 -0.794257 -0.193119 53.4923
0.771455 -0.606395 0.192721 39.9659
-0.270177 -0.0379613 0.962062 5.39997
0 0 0 1

0.905937 0.423412 -2.67029e-05 7.51191
-0.423412 0.905937 -1.97132e-05 28.4141
1.58214e-05 2.91863e-05 1 -9.91821e-05
0 0 0 1

-0.196576 -0.946679 0.255257 32.4371
-0.453943 0.318627 0.832114 -19.6466
-0.869076 0.0477016 -0.492373 22.5349
0 0 0 1

0.686634 -0.726633 -0.0231855 10.9899
0.704009 0.65662 0.270595 -47.3958
-0.181399 -0.202123 0.962414 5.54261
0 0 0 1

0.00884122 0.719221 0.694725 -86.0184
0.994583 0.0656333 -0.0806049 -69.2764
-0.10357 0.691674 -0.714745 25.969
0 0 0 1

