0.456759 -0.269621 -0.847747 49.7217
-0.132173 -0.962955 0.235049 84.0549
-0.879717 0.004689 -0.475475 22.443
0 0 0 1

-0.920389 -0.391004 7.45058e-07 25.9591
0.391004 -0.920389 9.49303e-06 -60.5113
-3.00784e-06 9.01967e-06 1 0.000383377
0 0 0 1

-0.801843 0.59675 -0.0306178 2.56983
0.298629 0.355827 -0.885555 99.3993
-0.51756 -0.71922 -0.463524 19.9491
0 0 0 1

-0.331813 -0.498701 0.800748 -47.3114
-0.919323 -0.0193928 -0.393026 -74.2329
0.211531 -0.866557 -0.452032 22.0469
0 0 0 1

-0.782705 0.375268 0.496536 -93.8732
0.621588 0.43074 0.654287 -66.959
0.0316548 0.820754 -0.570404 22.5358
0 0 0 1

-0.972131 -0.0689978 -0.224056 75.3483
-0.223706 0.558872 0.798509 70.1054
0.0701232 0.826378 -0.558732 22.5651
0 0 0 1

-0.788113 -0.167905 -0.592187 -20.0318
0.381026 0.622512 -0.683592 -11.4334
0.483422 -0.764387 -0.426634 19.3529
0 0 0 1

0.983448 0.181188 -1.8172e-05 22.7191
-0.181188 0.983448 2.45968e-06 56.6748
1.83205e-05 8.77453e-07 1 0.000370026
0 0 0 1

0.644485 -0.764617 -2.47359e-06 -56.1722
0.764617 0.644485 -1.03316e-07 84.1656
1.61295e-06 -1.75997e-06 1 0.000510216
0 0 0 1

-0.194258 0.278825 -0.940489 66.6038
0.795164 0.606196 0.0154761 -30.6208
0.574437 -0.744837 -0.33947 19.9898
0 0 0 1

0.150269 0.192634 0.969697 100.569
0.0220165 -0.981243 0.191516 17.9569
0.9884 -0.00742964 -0.151691 21.6643
0 0 0 1

0.779725 0.113012 0.615839 -42.6199
-0.318062 0.91871 0.234112 91.658
-0.53932 -0.378418 0.752286 13.3795
0 0 0 1

0.294115 0.95577 5.36442e-06 24.5231
-0.95577 0.294115 -4.21604e-06 -11.1882
-5.58501e-06 -3.80184e-06 1 0.000108719
0 0 0 1

0.510612 0.672364 0.535912 -14.8331
0.63336 0.1274 -0.763298 46.0288
-0.58149 0.729174 -0.360797 22.9047
0 0 0 1

0.0166795 -0.942247 0.334504 -36.2393
-0.324014 -0.321591 -0.889716 62.104
0.945905 -0.0935441 -0.310665 22.0628
0 0 0 1

0.927958 -0.20404 0.311868 15.2976
-0.134487 0.597099 0.790814 12.0171
-0.347574 -0.775784 0.526642 15.1838
0 0 0 1

0.686103 0.727504 1.38581e-05 -104.704
-0.727504 0.686103 1.31885e-05 -20.1186
5.76068e-08 -1.91627e-05 1 0.000357628
0 0 0 1

-0.548674 0.343626 -0.762153 -6.93492
0.749513 -0.201702 -0.630513 8.51465
-0.370389 -0.91719 -0.146884 21.4665
0 0 0 1

-0.874775 -0.19208 0.44483 -3.06501
0.0101241 0.91062 0.413121 20.1015
-0.484423 0.365891 -0.794643 54.8445
0 0 0 1

-0.0767026 -0.995625 -0.0533666 2.30112
0.582472 -0.00130373 -0.81285 -6.11997
0.809224 -0.0934322 0.580023 34.939
0 0 0 1

