-0.434541 -0.0598918 -0.898658 77.4084
-0.703953 0.64498 0.297408 -26.9499
0.561804 0.761849 -0.322432 19.3925
0 0 0 1

-0.413182 0.686611 0.598202 -92.8159
0.175109 0.704542 -0.687719 -6.92044
-0.893654 -0.179402 -0.411336 21.29
0 0 0 1

-0.986641 0.162907 1.36346e-06 34.9032
-0.162907 -0.986641 1.98285e-06 -17.4691
1.66926e-06 1.86422e-06 1 5.91278e-05
0 0 0 1

-0.221275 -0.57377 -0.788559 42.4585
-0.970879 0.0534778 0.233524 84.0281
-0.0918185 0.817269 -0.568895 22.5126
0 0 0 1

0.481153 0.104686 -0.870363 41.8647
0.271476 -0.96183 0.0343901 -60.5398
-0.833542 -0.25283 -0.491207 22.8075
0 0 0 1

0.70778 -0.422888 -0.565874 100.332
-0.705682 -0.386311 -0.593951 56.8948
0.0325714 0.819713 -0.571847 22.5287
0 0 0 1

0.98778 -0.0139988 0.155225 -14.4151
0.142509 0.484375 -0.863176 117.93
-0.0631039 0.874749 0.480451 15.3768
0 0 0 1

0.80576 0.459707 -0.37339 -32.4451
-0.530838 0.840152 -0.111154 -7.48233
0.262606 0.287773 0.920991 6.05453
0 0 0 1

-0.916327 -0.400429 -1.2815e-06 -48.8891
0.400429 -0.916328 -7.58967e-07 87.3357
-8.76566e-07 -1.23215e-06 1 0.000519753
0 0 0 1

-0.76111 0.635883 0.127919 -16.6325
0.412805 0.322763 0.851714 -106.612
0.500303 0.701054 -0.508154 19.2416
0 0 0 1

-0.325107 0.945677 -1.23084e-05 -46.7385
-0.945677 -0.325107 1.41422e-05 44.8397
9.406e-06 1.61983e-05 1 0.000352859
0 0 0 1

0.597817 -0.523095 -0.607442 17.941
0.571483 0.80949 -0.134661 -27.1297
0.562159 -0.26664 0.782867 12.6437
0 0 0 1

0.999926 -0.00629162 0.0104388 51.6289
0.00494309 -0.573529 -0.81917 55.0421
0.0111409 0.819161 -0.573456 22.5004
0 0 0 1

-0.292704 0.939458 0.178164 -80.3873
0.430281 0.295801 -0.852854 -62.4408
-0.853922 -0.172973 -0.490814 22.7474
0 0 0 1

-0.117134 -0.913976 0.388494 -50.8583
0.968686 -0.0189147 0.247568 49.6635
-0.218923 0.405327 0.887571 21.7814
0 0 0 1

-0.739112 -0.673582 -2.35438e-06 -44.1858
0.673582 -0.739112 -1.71264e-06 -73.3369
-5.96406e-07 -2.77412e-06 1 6.86646e-05
0 0 0 1

0.343854 -0.643866 0.683521 62.5401
-0.350792 -0.763285 -0.542531 19.0312
0.871039 -0.0532225 -0.488322 22.3157
0 0 0 1

0.36126 -0.852535 -0.377724 3.82271
-0.322865 -0.494387 0.807056 8.54424
-0.874785 -0.169603 -0.453856 21.2413
0 0 0 1

0.579701 -0.120642 0.805849 12.56
0.270557 -0.90437 -0.330022 -104.941
0.7686 0.409342 -0.491624 22.7018
0 0 0 1

0.133004 0.390444 -0.910968 -17.6172
0.976649 0.104836 0.187527 -45.7576
0.168721 -0.914638 -0.367383 22.8945
0 0 0 1

