-0.831921 -0.554895 1.04904e-05 -0.592932
0.554895 -0.831921 1.00891e-05 -50.6675
3.1535e-06 1.41495e-05 1 0.000193596
0 0 0 1

0.392646 -0.919689 1.43945e-05 -10.9857
0.919689 0.392646 1.3868e-06 30.8488
-7.02295e-06 1.2713e-05 1 0.000110626
0 0 0 1

-0.803976 -0.594662 -8.9407e-06 105.024
0.594662 -0.803976 -1.79251e-05 20.7461
3.48306e-06 -1.97047e-05 1 0.000468254
0 0 0 1

0.880161 0.465712 0.0918091 25.8297
0.332569 -0.467009 -0.819329 86.8732
-0.338696 0.751674 -0.565925 22.6089
0 0 0 1

-0.150913 -0.495201 0.855571 53.3769
-0.975471 -0.0657039 -0.210091 88.1814
0.160252 -0.86629 -0.473139 22.3985
0 0 0 1

0.999951 -0.00991166 1.83657e-06 102.674
-0.00991166 -0.999951 1.08918e-05 -24.6173
1.72903e-06 -1.08918e-05 -1 25.0005
0 0 0 1

0.755817 0.153302 0.636584 25.3014
0.531038 -0.712282 -0.458971 6.15194
0.383066 0.684948 -0.619764 21.0964
0 0 0 1

-0.0499673 -0.998751 1.49012e-06 -46.4642
0.998751 -0.0499673 1.86364e-06 -29.0179
-1.80409e-06 1.60714e-06 1 0.000514984
0 0 0 1

-0.746428 0.588425 -0.310808 -9.48872
-0.5344 -0.808346 -0.246969 -2.78021
-0.396564 -0.0182488 0.917826 7.34591
0 0 0 1

-0.0734143 0.586876 0.806342 -106.558
0.995414 0.0928375 0.0230592 31.4856
-0.0613259 0.804337 -0.591 22.4081
0 0 0 1

0.820706 -0.571266 -0.00986113 -1.56455
0.226703 0.309752 0.923396 49.0919
-0.52445 -0.760072 0.383723 15.636
0 0 0 1

0.677492 -0.73553 1.67489e-05 74.4245
-0.73553 -0.677492 9.58045e-06 -73.0697
4.25938e-06 -1.88647e-05 -1 25.0005
0 0 0 1

-0.325196 -0.945647 1.90735e-05 -29.1772
0.945647 -0.325196 -1.19646e-05 -96.678
1.75651e-05 1.41121e-05 1 0.000620842
0 0 0 1

0.913961 -0.123217 0.386642 18.3959
0.288033 -0.474178 -0.831981 23.2582
0.285852 0.871764 -0.39789 28.489
0 0 0 1

-0.276019 -0.961152 -6.97374e-06 -106.579
0.961152 -0.276019 -2.18948e-06 -15.4127
2.20827e-07 -7.28383e-06 1 0.000153542
0 0 0 1

0.679173 0.733978 -3.09944e-06 -51.3985
-0.733978 0.679173 9.09963e-07 89.3715
2.79914e-06 1.57941e-06 1 0.000469208
0 0 0 1

-0.518706 0.854296 -0.0335042 -4.58752
-0.61666 -0.346701 0.706774 95.5892
0.592178 0.387269 0.706646 11.6662
0 0 0 1

0.86361 -0.406835 -0.297763 -2.76559
-0.491136 -0.545515 -0.679116 -102.098
0.113854 0.732733 -0.670924 37.3746
0 0 0 1

0.745475 -0.24724 0.618982 -92.4738
0.377554 -0.608673 -0.697832 -39.2241
0.54929 0.753916 -0.360404 22.8683
0 0 0 1

-0.104947 -0.604928 0.789334 45.4264
0.897565 0.284147 0.337102 36.4075
-0.428209 0.743856 0.513142 17.6569
0 0 0 1

