-0.757316 -0.461513 0.462037 16.0215
-0.382989 0.886939 0.258182 -3.29888
-0.528953 0.0185696 -0.848448 21.5023
0 0 0 1

0.903385 0.428831 0.000456437 -47.5338
0.428831 -0.903385 -7.88132e-05 -88.0463
0.000378538 0.00026693 -1 25.0054
0 0 0 1

-0.562283 0.736902 0.375252 -3.0574
0.726812 0.223939 0.649304 -99.2308
0.39444 0.63783 -0.661506 21.6532
0 0 0 1

0.992987 -0.00701696 -0.118017 -38.8198
-0.0852349 -0.734255 -0.673501 11.7875
-0.081929 0.678837 -0.729704 22.9203
0 0 0 1

-0.519407 0.425926 0.740813 -97.7789
0.715842 0.690323 0.105001 -1.08517
-0.466677 0.584843 -0.663454 21.8124
0 0 0 1

0.387968 0.625206 -0.677199 42.5157
0.271068 -0.779655 -0.5645 101.353
-0.88091 0.0354416 -0.471954 22.2498
0 0 0 1

0.314624 0.403997 0.858952 49.0308
0.902452 -0.40784 -0.138736 -47.7098
0.294266 0.818812 -0.492904 22.7913
0 0 0 1

-0.823528 -0.353843 -0.443392 93.1184
-0.565752 0.455066 0.687633 -67.9372
-0.0415413 0.817135 -0.574947 22.5198
0 0 0 1

0.473025 -0.421235 -0.773827 8.03367
0.438582 0.874326 -0.207846 -2.18573
0.764129 -0.24107 0.598325 15.9364
0 0 0 1

0.538035 -0.106367 0.836184 -30.533
-0.54951 -0.796495 0.252258 -61.9528
0.639185 -0.595215 -0.486992 22.7549
0 0 0 1

-0.998828 -0.0483923 -4.13507e-07 -74.0066
-0.0483923 0.998828 3.85841e-06 46.0397
2.23265e-07 3.91796e-06 -1 25.0005
0 0 0 1

-0.824074 -0.566482 8.40425e-06 99.989
-0.566482 0.824074 8.26915e-06 13.5143
-1.16179e-05 2.06258e-06 -1 25.0004
0 0 0 1

0.263177 -0.00187492 -0.964746 74.659
-0.728682 -0.655755 -0.197506 15.4812
-0.632266 0.754972 -0.173946 18.4608
0 0 0 1

-0.542454 -0.751632 -0.375224 -7.94996
0.732491 -0.204481 -0.649341 -102.576
0.41134 -0.627086 0.661485 15.5937
0 0 0 1

-0.655578 -0.755127 1.23978e-05 18.8128
0.755127 -0.655578 8.06252e-06 -51.985
2.05957e-06 1.45149e-05 1 0.000265121
0 0 0 1

-0.56155 0.606887 0.56245 -2.89892
0.805461 0.245286 0.539506 90.7404
0.189458 0.755992 -0.626564 22.1411
0 0 0 1

0.757953 0.372962 -0.535169 26.2705
-0.0940196 -0.749394 -0.655416 -41.4463
-0.645498 0.547091 -0.532939 42.4837
0 0 0 1

0.982622 -0.132924 -0.129555 -65.2055
-0.162453 -0.953509 -0.253829 -29.0953
-0.0897923 0.270464 -0.958533 26.9448
0 0 0 1

-0.926447 -0.0303499 0.375199 53.8207
0.351316 0.288227 0.890788 -28.2987
-0.135178 0.957081 -0.256365 22.4621
0 0 0 1

-0.136947 -0.851935 -0.505422 -102.899
0.197383 -0.523467 0.828868 12.0912
-0.970714 0.0137493 0.239844 20.2088
0 0 0 1

