0.463403 0.729948 0.502427 10.7263
0.748014 -0.018229 -0.663432 84.1823
-0.475113 0.683259 -0.554459 23.9169
0 0 0 1

0.765589 -0.64333 7.48038e-06 23.4023
0.64333 0.765589 -1.47422e-06 4.33603
-4.74025e-06 5.93432e-06 1 0.000338554
0 0 0 1

-0.371067 -0.554719 -0.744712 -1.78817
0.0139415 0.798549 -0.601768 71.98
0.928502 -0.233679 -0.288581 20.3428
0 0 0 1

0.343991 -0.746303 0.569826 27.3788
-0.310294 -0.663118 -0.68117 -85.9485
0.886221 0.0575027 -0.459681 21.9806
0 0 0 1

0.683621 -0.729837 -1.5676e-05 64.3155
-0.729837 -0.683621 -1.22945e-05 85.2813
-1.76044e-06 1.98781e-05 -1 25.0004
0 0 0 1

0.775938 0.543062 0.320942 100.22
0.0609815 -0.570973 0.818701 29.2845
0.627854 -0.61569 -0.476156 22.4659
0 0 0 1

-0.29841 -0.565061 -0.769193 84.7072
-0.953871 0.20434 0.219945 4.28236
0.0328947 0.799344 -0.599972 22.2555
0 0 0 1

-0.37371 0.804313 -0.461975 62.0003
0.678132 -0.10289 -0.727703 43.7622
-0.632834 -0.585229 -0.506979 22.798
0 0 0 1

0.0772871 0.987157 0.139814 -6.22565
0.47233 -0.15975 0.866824 -111.872
0.878027 -0.000956304 -0.478611 21.6298
0 0 0 1

0.245586 -0.941455 -0.230976 63.1505
-0.439275 -0.320487 0.839241 -45.0703
-0.864132 -0.104644 -0.492265 22.6739
0 0 0 1

0.197692 0.850748 -0.486976 -69.8812
0.444471 -0.520573 -0.729006 -73.1529
-0.873707 -0.0723285 -0.481046 22.6781
0 0 0 1

0.483344 -0.875431 6.67572e-06 -97.5808
0.875431 0.483344 8.30094e-06 -45.5413
-1.05118e-05 1.80927e-06 1 0.000460625
0 0 0 1

0.453975 0.271443 -0.848661 -72.2303
0.00557003 -0.953312 -0.301935 -9.65625
-0.890997 0.132344 -0.434292 21.1936
0 0 0 1

0.0895697 -0.995766 -0.0206704 2.75282
0.607923 0.0382202 0.793076 -81.5567
-0.788928 -0.0836017 0.608773 12.828
0 0 0 1

-0.951598 0.307346 1.2517e-06 -61.4878
-0.307346 -0.951598 -9.97386e-07 39.352
8.80635e-07 -1.3529e-06 1 0.000500679
0 0 0 1

0.969791 0.176163 -0.168735 70.5366
0.233223 -0.46685 0.853029 -75.6391
0.0714981 -0.866613 -0.493832 22.8102
0 0 0 1

0.329151 -0.904587 0.270891 -59.063
0.897624 0.388794 0.207628 -55.0113
-0.293139 0.174818 0.939951 6.74118
0 0 0 1

0.109359 0.0849344 0.990367 -35.6651
0.951051 -0.298658 -0.0794045 -56.3695
0.289037 0.950573 -0.113438 21.4732
0 0 0 1

0.401569 0.0322744 0.91526 -21.1178
0.745384 0.569141 -0.347105 7.91581
-0.532114 0.821606 0.204492 17.2291
0 0 0 1

-0.0409389 0.691112 -0.721587 108.074
0.734531 -0.468763 -0.490639 -27.473
-0.677339 -0.550114 -0.488452 22.7022
0 0 0 1

