0.700035 0.714109 -9.92417e-06 -1.92396
-0.714109 0.700035 -5.88497e-06 35.1073
2.7106e-06 1.11767e-05 1 0.000329971
0 0 0 1

0.589375 -0.80786 -1.16229e-06 82.0735
-0.80786 -0.589375 5.16971e-06 -45.4726
-4.86329e-06 -2.17153e-06 -1 25.0006
0 0 0 1

-0.523997 -0.558013 0.643466 -6.52496
-0.325673 0.829348 0.454003 -33.3906
-0.786998 0.0283366 -0.616305 21.6955
0 0 0 1

0.865067 0.21268 0.454342 52.602
0.481562 -0.605827 -0.633302 -2.88796
0.140562 0.766642 -0.6265 22.0608
0 0 0 1

-0.854388 0.075535 -0.514116 37.4859
-0.344404 0.658546 0.669106 -45.9083
0.38911 0.74874 -0.53664 22.5124
0 0 0 1

-0.648413 0.622493 -0.438249 -101.104
0.647913 0.148984 -0.747003 -2.17689
-0.399712 -0.768314 -0.499924 22.723
0 0 0 1

0.820059 0.57228 -2.08616e-06 69.1376
-0.57228 0.820059 4.12861e-06 62.5514
4.08771e-06 -2.22913e-06 1 0.00052166
0 0 0 1

-0.369893 -0.609152 0.701507 35.5341
-0.283675 0.793053 0.539069 95.554
-0.884708 0.000397359 -0.466146 22.4402
0 0 0 1

-0.178051 -0.984021 -3.51667e-06 -42.9777
0.984021 -0.178051 4.0094e-06 -90.4704
-4.66575e-06 -2.63039e-06 1 0.000426292
0 0 0 1

-0.0552717 -0.981542 0.183087 99.8167
-0.441479 0.188494 0.877249 17.3612
-0.895568 -0.0323421 -0.443749 21.9967
0 0 0 1

0.340581 -0.351439 -0.872064 -94.4124
-0.800591 -0.59475 -0.0729857 37.4838
-0.493009 0.723024 -0.48392 22.6693
0 0 0 1

-0.0142133 0.702883 0.711164 -80.7152
0.692922 0.519686 -0.499786 -71.524
-0.720873 0.485677 -0.494429 22.8071
0 0 0 1

0.0252972 0.678425 0.734234 -80.9659
0.0302935 -0.734652 0.677767 64.5206
0.999221 0.00509676 -0.0391366 21.1429
0 0 0 1

0.221416 -0.778699 0.587029 32.8892
-0.863695 -0.436086 -0.252703 25.9818
0.452775 -0.451061 -0.769115 26.6378
0 0 0 1

-0.295559 0.523099 -0.799382 -42.6662
-0.0445157 -0.843397 -0.535443 97.9817
-0.954287 -0.12267 0.27256 19.9413
0 0 0 1

0.978532 0.0722556 0.193012 -3.74334
0.193732 -0.641963 -0.741857 114.466
0.0703036 0.763323 -0.64218 22.0459
0 0 0 1

-0.937314 0.344669 0.0514276 -44.5039
0.213191 0.4504 0.867 40.5992
0.275665 0.823615 -0.495647 22.8181
0 0 0 1

-0.182849 -0.983141 1.68681e-05 -51.1249
0.983141 -0.182849 -4.45445e-06 9.84037
7.40415e-06 1.57872e-05 1 -3.8147e-06
0 0 0 1

0.958772 -0.164517 0.231709 13.8727
-0.28208 -0.452151 0.846162 62.3872
-0.0344406 -0.876637 -0.479917 21.7899
0 0 0 1

-0.466967 0.588684 0.659843 -31.9269
0.665638 -0.257218 0.700547 -49.9654
0.582124 0.766349 -0.271738 22.7289
0 0 0 1

