0.407116 0.183447 0.894765 -86.7619
0.687192 -0.706842 -0.167752 19.2318
0.601684 0.68317 -0.41383 18.5768
0 0 0 1

-0.856397 0.169626 0.487659 28.9283
0.0314481 0.959876 -0.278654 -6.03624
-0.515359 -0.223302 -0.82737 20.3145
0 0 0 1

-0.866672 -0.498878 2.06977e-05 1.08967
0.498878 -0.866672 -1.07129e-05 -102.603
2.32527e-05 1.21381e-06 1 0.000464439
0 0 0 1

-0.907188 0.404394 0.116081 -13.0578
0.226957 0.702701 -0.674315 37.6408
-0.35426 -0.585385 -0.729263 21.416
0 0 0 1

0.235363 -0.971908 1.45137e-05 69.758
-0.971908 -0.235363 1.11659e-06 79.7141
2.3715e-06 -1.44346e-05 -1 25.0005
0 0 0 1

0.905225 -0.039654 -0.423078 -77.6225
-0.371655 -0.556575 -0.743033 -45.615
-0.20601 0.829851 -0.518563 22.7352
0 0 0 1

-0.328347 0.944557 -1.70171e-05 -38.4489
0.944557 0.328347 6.71943e-06 -64.1916
1.1992e-05 -1.38139e-05 -1 25.0005
0 0 0 1

-0.340329 0.909671 -0.238063 55.4277
0.406982 0.370735 0.834818 -52.1702
0.847668 0.187226 -0.496392 22.9059
0 0 0 1

-0.363132 0.530159 0.766203 56.4697
0.929133 0.144594 0.340301 -90.0996
0.0696253 0.835479 -0.545094 22.5983
0 0 0 1

0.0920509 0.631499 -0.769893 76.2213
0.733693 -0.565749 -0.376328 39.1226
-0.673217 -0.530224 -0.515404 22.5251
0 0 0 1

-0.422363 -0.294302 0.857319 10.8131
-0.745127 0.651298 -0.143513 107.228
-0.516134 -0.699426 -0.494377 22.7939
0 0 0 1

0.649367 -0.104644 -0.753241 -97.5415
-0.393862 -0.893573 -0.215407 22.4842
-0.650535 0.436551 -0.621472 24.9251
0 0 0 1

-0.2719 -0.390287 0.879628 -13.0316
0.958816 -0.0318752 0.282235 -17.108
-0.0821142 0.920141 0.38288 18.9037
0 0 0 1

0.593946 -0.804505 3.72529e-06 -52.259
0.804505 0.593946 -1.72695e-05 82.4502
1.17475e-05 1.32582e-05 1 0.000125885
0 0 0 1

0.039152 -0.0742289 -0.996472 -97.8801
-0.45638 -0.888476 0.0482526 -25.6512
-0.888923 0.45288 -0.0686623 21.1538
0 0 0 1

0.535986 -0.0307957 0.843665 -75.4576
-0.421815 -0.875422 0.236027 -18.9452
0.731294 -0.482377 -0.482204 21.1973
0 0 0 1

0.783251 0.369882 0.499705 -1.32639
-0.156419 -0.660668 0.734201 64.0788
0.601707 -0.653227 -0.459612 22.1974
0 0 0 1

-0.451937 0.515914 -0.727726 -29.3819
0.789029 -0.149389 -0.595916 7.24963
-0.416156 -0.843514 -0.339556 19.7619
0 0 0 1

-0.730003 -0.350781 0.586555 26.7194
0.185993 0.723878 0.664385 31.9466
-0.657648 0.594099 -0.46319 21.8672
0 0 0 1

0.437217 0.351851 0.827672 100.179
0.227952 -0.933598 0.276466 13.8213
0.869988 0.0677935 -0.48839 22.7635
0 0 0 1

