-0.924763 -0.380542 -0.000906706 -28.6832
0.255513 -0.622691 0.739574 -66.0793
-0.282003 0.683699 0.673075 15.0044
0 0 0 1

-0.326275 0.666711 0.670105 85.9447
0.328282 0.744697 -0.581084 61.2927
-0.88644 0.0303899 -0.461845 22.352
0 0 0 1

0.911535 -0.348908 -0.217639 16.7843
-0.336142 -0.32733 -0.883099 47.0465
0.236881 0.878133 -0.415655 22.4201
0 0 0 1

-0.74554 -0.252013 0.616976 -66.4007
-0.65567 0.443268 -0.611237 -83.5227
-0.119446 -0.860234 -0.495711 22.8126
0 0 0 1

-0.387217 -0.463832 0.79682 -93.5792
-0.244672 0.884949 0.396233 -72.4495
-0.888931 -0.0415315 -0.456154 22.2551
0 0 0 1

0.440741 0.262272 0.858464 30.739
0.0937103 -0.964581 0.24658 -78.1151
0.892729 -0.0282312 -0.449708 22.1094
0 0 0 1

-0.313387 -0.949625 7.24196e-06 -23.0853
0.949625 -0.313387 -2.8213e-07 -79.2114
2.57471e-06 6.78123e-06 1 0.000382423
0 0 0 1

-0.386064 -0.350971 0.853097 -89.87
-0.284984 0.924934 0.251558 7.19571
-0.877348 -0.146001 -0.457105 21.4225
0 0 0 1

-0.371594 -0.619376 -0.691586 8.30143
-0.858269 -0.054834 0.510262 105.434
-0.353967 0.783177 -0.511216 22.786
0 0 0 1

0.724258 0.263448 0.637217 78.4667
-0.291665 -0.72034 0.629319 -70.3863
0.624805 -0.641643 -0.444873 21.9072
0 0 0 1

0.660093 0.442593 0.606951 -11.0237
0.559462 0.249528 -0.790404 10.2073
-0.501278 0.861306 -0.0829021 16.6393
0 0 0 1

-0.558029 -0.822599 0.109245 37.4425
-0.478281 0.211247 -0.852421 97.9306
0.678123 -0.527926 -0.511315 22.8461
0 0 0 1

0.945815 0.20203 0.2542 99.7124
0.323586 -0.521504 -0.78951 -18.377
-0.0269381 0.828986 -0.55862 22.4397
0 0 0 1

0.3239 -0.389332 0.86227 -76.8137
-0.81358 -0.5798 0.0438187 -34.5853
0.482884 -0.715718 -0.50455 22.7688
0 0 0 1

0.835134 0.328621 0.441089 61.3075
0.549398 -0.459397 -0.697938 -22.1152
-0.0267224 0.825205 -0.564201 22.4363
0 0 0 1

0.999506 0.0314264 -1.55028e-05 104.927
-0.0314264 0.999506 -1.23223e-05 15.7351
1.51065e-05 1.27991e-05 1 0.000459671
0 0 0 1

0.16487 0.69752 -0.69734 64.0457
0.832434 -0.477625 -0.280939 26.6645
-0.529028 -0.534171 -0.659386 22.4724
0 0 0 1

-0.0819163 -0.703315 0.706143 -48.5846
-0.808395 -0.367511 -0.459818 34.3451
0.582913 -0.608509 -0.538451 22.1107
0 0 0 1

-0.169244 -0.90962 0.379405 9.16581
-0.478145 -0.260841 -0.838653 -30.7525
0.86182 -0.323348 -0.390785 20.3129
0 0 0 1

0.713106 -0.652372 -0.256692 27.9833
-0.700945 -0.67 -0.244491 13.5688
-0.0124847 0.354275 -0.935058 40.1452
0 0 0 1

