-0.310478 0.950581 1.69873e-06 -0.781015
-0.950581 -0.310478 -9.97386e-07 -32.0258
-4.28981e-07 -1.92092e-06 1 2.47955e-05
0 0 0 1

-0.308539 -0.722303 -0.618936 28.3104
-0.750348 0.584729 -0.308335 29.2716
0.584621 0.369284 -0.72239 22.4034
0 0 0 1

0.388079 0.605007 -0.695241 6.67644
0.263731 -0.795719 -0.545231 110.44
-0.883086 0.0282359 -0.468361 22.2156
0 0 0 1

0.354391 0.278347 0.892709 -52.9599
0.708498 -0.702978 -0.0620737 6.67484
0.610277 0.654481 -0.446337 18.5298
0 0 0 1

0.997486 0.0708561 7.45058e-09 -20.9464
-0.0708561 0.997487 -9.97386e-07 58.2759
-7.7603e-08 9.97276e-07 1 0.000546455
0 0 0 1

0.937939 -0.346799 -6.86943e-06 -66.526
-0.346799 -0.937939 -3.11533e-06 -82.7878
-5.34977e-06 5.26381e-06 -1 25.0005
0 0 0 1

-0.617457 -0.0561561 -0.784598 -5.0825
0.442037 0.800285 -0.40515 22.605
0.650653 -0.596984 -0.469319 21.8032
0 0 0 1

0.236824 0.971552 8.61287e-06 104.976
-0.971552 0.236824 1.04467e-05 -24.0061
8.21278e-06 -1.07185e-05 1 0.00023365
0 0 0 1

0.54662 -0.833645 -0.0790055 52.5918
-0.378988 -0.330422 0.864401 -95.6723
-0.746709 -0.442557 -0.496557 22.8493
0 0 0 1

-0.596474 0.802632 8.10623e-06 13.4093
-0.802632 -0.596474 7.94331e-06 -105.73
1.12898e-05 -1.695e-06 1 0.000513077
0 0 0 1

0.366833 0.738963 0.565126 -102.355
0.731982 0.145635 -0.665577 55.6039
-0.574139 0.657818 -0.487484 22.7857
0 0 0 1

0.0423477 -0.498242 -0.866003 -98.3741
-0.967534 -0.236619 0.0888226 7.08689
-0.249168 0.834126 -0.492087 21.3544
0 0 0 1

0.72519 0.214131 0.654406 -40.3015
-0.0424227 0.962503 -0.267933 -94.0943
-0.68724 0.166541 0.707082 14.2932
0 0 0 1

0.862897 0.498097 0.0854907 15.4389
-0.501446 0.822774 0.267571 -72.8368
0.0629369 -0.273755 0.959738 5.70467
0 0 0 1

-0.661587 -0.283081 0.694383 -78.0577
0.178956 0.839646 0.512805 -8.8028
-0.728201 0.46353 -0.50484 22.8017
0 0 0 1

0.93752 -0.31634 -0.144861 78.7052
0.287082 0.938549 -0.191599 -55.1972
0.19657 0.138041 0.970724 4.88477
0 0 0 1

0.999876 -0.0157257 -3.93949e-06 -42.9311
0.0157257 0.999876 8.77778e-06 -54.5028
3.80048e-06 -8.77778e-06 1 0.000155449
0 0 0 1

-0.111687 -0.552328 0.826111 66.9647
-0.93982 -0.211413 -0.268408 -8.94416
0.3229 -0.806374 -0.495476 21.4396
0 0 0 1

0.68913 0.608508 -0.39347 44.0223
-0.61748 0.777284 0.120618 -11.4891
0.379235 0.159838 0.911391 7.47215
0 0 0 1

-0.794551 0.605665 0.0431124 -36.2179
-0.418456 -0.494741 -0.76166 -17.1804
-0.439982 -0.623218 0.646541 20.2676
0 0 0 1

