-0.207857 0.601576 0.771298 -85.914
-0.910447 -0.40726 0.0722866 -5.58623
0.357605 -0.687201 0.632355 12.6043
0 0 0 1

0.363974 -0.931409 -4.94719e-06 92.0175
0.931409 0.363974 -8.14994e-06 -8.44285
9.42845e-06 -1.65302e-06 1 0.000397682
0 0 0 1

-0.569046 -0.342167 -0.747736 77.7905
0.0455569 0.894801 -0.444135 79.2294
0.821043 -0.286797 -0.493595 22.7112
0 0 0 1

0.801729 0.597562 0.0122316 6.70038
-0.577654 0.779948 -0.240825 -96.1016
-0.153448 0.186011 0.970491 3.6698
0 0 0 1

0.816851 0.576767 -0.00974686 1.26631
0.290949 -0.397351 0.870322 -64.3724
0.4981 -0.713759 -0.492386 19.8008
0 0 0 1

-0.648354 0.761339 2.44379e-06 -106.772
-0.761339 -0.648354 1.70032e-05 -9.78127
1.45103e-05 9.03157e-06 1 0.000328064
0 0 0 1

-0.453958 -0.850451 -0.265812 -62.4686
-0.346076 0.443191 -0.82693 90.2294
0.821069 -0.2834 -0.495511 22.8088
0 0 0 1

-0.926418 -0.376497 -1.2368e-05 42.8706
0.376497 -0.926418 -4.37114e-08 41.7033
-1.14425e-05 -4.68966e-06 1 0.000324249
0 0 0 1

0.723483 0.690342 -2.68221e-06 96.4714
-0.690342 0.723483 -1.65304e-06 44.6204
8.04289e-07 3.07146e-06 1 0.000501633
0 0 0 1

0.81151 -0.363483 -0.457527 -29.4888
-0.413163 -0.910609 -0.00938716 -6.41065
-0.413216 0.196651 -0.889146 23.5028
0 0 0 1

-0.997397 -0.0484256 0.0534126 -28.8296
0.0172947 0.558511 0.829317 -113.215
-0.0699917 0.828082 -0.55622 22.5859
0 0 0 1

-0.410151 -0.283939 -0.866692 96.5198
-0.638213 0.768212 0.0503503 -62.3517
0.651506 0.573785 -0.496297 22.9168
0 0 0 1

-0.550847 0.834579 0.00677326 50.9472
-0.834197 -0.550304 -0.0357795 1.6787
-0.0261335 -0.0253593 0.999337 0.735348
0 0 0 1

0.475122 -0.21001 -0.854491 13.9542
-0.774585 -0.560547 -0.292925 3.90783
-0.417465 0.801051 -0.428999 21.2395
0 0 0 1

-0.23486 -0.449184 0.862018 -65.7985
-0.912275 0.407998 -0.035951 -87.4548
-0.335553 -0.79484 -0.505602 22.7492
0 0 0 1

-0.815165 0.579141 0.0100567 -0.0267478
0.284945 0.385835 0.87746 26.739
0.504293 0.718141 -0.479543 19.3509
0 0 0 1

-0.995083 -0.0839453 -0.0525587 -81.8014
-0.0903363 0.551726 0.829119 -63.9288
-0.0406026 0.82979 -0.556597 22.6166
0 0 0 1

0.999862 -0.0132416 0.0100055 42.9804
-0.0123811 -0.996584 -0.0816585 -50.1825
0.0110526 0.0815234 -0.99661 25.7789
0 0 0 1

-0.0925125 -0.663178 -0.742723 -20.0162
-0.820968 -0.371282 0.433776 -6.33464
-0.56343 0.649881 -0.510099 39.9069
0 0 0 1

-0.0626419 0.997688 -0.0263507 -5.06446
-0.719076 -0.0268079 0.694414 -35.264
0.692102 0.0624474 0.719093 22.646
0 0 0 1

