-0.741386 -0.669868 -0.0402913 -12.8968
-0.594967 0.628343 0.501198 -63.1732
-0.310419 0.395553 -0.864394 24.3295
0 0 0 1

-0.637622 -0.111934 -0.762173 7.47351
0.34148 0.845801 -0.409893 -97.4194
0.690528 -0.521624 -0.501078 22.7515
0 0 0 1

-0.42939 -0.903119 -5.51343e-06 -81.4315
0.903119 -0.42939 -1.59343e-06 54.6891
-1.0036e-06 -5.62161e-06 1 0.000542641
0 0 0 1

-0.0740621 -0.997253 -2.71201e-06 93.7175
0.997254 -0.0740622 3.13916e-07 -52.9686
-5.82257e-07 -2.62584e-06 1 0.000523567
0 0 0 1

-0.351803 0.936074 -6.73532e-06 -23.8743
-0.936074 -0.351803 8.53936e-06 65.3637
5.62152e-06 9.28295e-06 1 0.000442505
0 0 0 1

0.770012 -0.485429 0.414053 22.2866
0.412604 0.873853 0.257173 -88.7806
-0.486661 -0.0271865 0.873168 9.92065
0 0 0 1

-0.568706 -0.822541 1.10865e-05 21.7399
0.822541 -0.568706 -5.20549e-07 45.2825
6.74148e-06 8.85623e-06 1 0.000358582
0 0 0 1

-1 -0.000570587 1.27091e-05 66.9245
0.000570588 -1 3.8902e-06 14.2341
1.27069e-05 3.9498e-06 1 0.000212669
0 0 0 1

0.641693 -0.766962 8.46386e-06 -53.282
0.766962 0.641693 9.73145e-06 -90.9043
-1.28709e-05 3.26072e-07 1 0.00039196
0 0 0 1

0.677349 0.348234 0.648021 99.8377
0.709784 -0.540931 -0.451221 32.0065
0.193404 0.76559 -0.613569 22.3202
0 0 0 1

0.465037 -0.139047 0.874303 -10.5566
-0.0883775 -0.989947 -0.110432 -22.1282
0.880869 -0.025914 -0.472651 22.3567
0 0 0 1

-0.545304 -0.838176 0.0101598 -21.639
0.809131 -0.529497 -0.254832 26.8523
0.218974 -0.130741 0.966932 5.18383
0 0 0 1

0.334027 -0.300565 0.893357 -109.452
-0.786768 -0.610849 0.0886563 1.32226
0.519059 -0.732478 -0.440515 19.8889
0 0 0 1

-0.174668 -0.927282 -0.331118 56.7083
0.822115 0.0477221 -0.567318 -6.31901
0.541865 -0.371309 0.753997 13.2754
0 0 0 1

-0.0703983 0.0332227 -0.996965 -46.0799
0.443498 -0.894189 -0.0611145 31.1942
-0.893506 -0.446455 0.0482152 20.7545
0 0 0 1

-0.164359 0.748603 0.642324 -88.9198
0.737945 -0.338782 0.583664 -78.4145
0.65454 0.56993 -0.496746 22.9192
0 0 0 1

0.0623779 -0.451099 0.890292 -80.5826
0.084862 -0.886401 -0.455073 3.99162
0.994438 0.103938 -0.0170107 21.0647
0 0 0 1

-0.358489 0.917956 0.16983 -78.3343
-0.743594 -0.390772 0.542554 -40.7244
0.564406 0.0682153 0.822674 11.5529
0 0 0 1

-0.854836 -0.0398499 0.517366 -45.5721
-0.0992977 -0.966058 -0.238478 -16.136
0.509308 -0.255233 0.821864 11.5846
0 0 0 1

0.452282 -0.0838479 0.887925 4.99813
-0.253971 -0.966461 0.0381009 10.1348
0.85495 -0.242739 -0.458408 21.8692
0 0 0 1

