-0.345225 -0.76229 -0.547479 78.3497
-0.338907 0.645236 -0.684699 -72.769
0.875192 -0.0508308 -0.481098 22.4987
0 0 0 1

0.659013 -0.747088 0.0869544 -6.08948
-0.485534 -0.334275 0.807786 -74.9657
-0.57442 -0.574561 -0.583028 20.6131
0 0 0 1

0.812422 -0.58307 -3.51667e-06 100.99
0.58307 0.812422 6.5128e-06 -37.3699
-9.28187e-07 -7.35546e-06 1 0.000461578
0 0 0 1

0.105534 -0.994416 8.25524e-06 -59.0777
0.994416 0.105534 -9.97386e-07 19.1998
1.3665e-08 8.34926e-06 1 0.000396729
0 0 0 1

0.463566 0.17943 0.867705 -64.06
0.417879 -0.907808 -0.0355264 -49.155
0.781335 0.379064 -0.495809 22.8191
0 0 0 1

0.649993 -0.236047 -0.722351 77.0885
-0.439682 -0.892098 -0.104123 6.9923
-0.61983 0.385284 -0.683643 21.1313
0 0 0 1

0.197951 0.980212 -1.36197e-05 60.012
-0.980212 0.197951 2.45968e-06 -26.8202
5.11296e-06 1.28833e-05 1 0.000496864
0 0 0 1

-0.197493 -0.980304 -2.08616e-07 68.4097
0.980304 -0.197493 -1.62921e-07 78.984
1.32257e-07 -3.66261e-07 1 0.000536919
0 0 0 1

0.127122 0.513067 -0.848883 -97.2416
0.932224 0.230541 0.278943 27.6073
0.338818 -0.826809 -0.448986 21.7484
0 0 0 1

0.952452 0.304688 1.6734e-05 -13.4744
0.304688 -0.952452 -1.9745e-05 103.718
9.89279e-06 2.38598e-05 -1 25.0005
0 0 0 1

0.44136 0.888021 0.12892 -4.61064
0.333035 -0.295516 0.895409 54.1726
0.83324 -0.352263 -0.426171 20.6814
0 0 0 1

0.868174 0.300256 0.39512 -53.5976
0.495413 -0.477912 -0.725373 -87.1215
-0.0289648 0.825498 -0.563662 22.4824
0 0 0 1

-0.996935 -0.0294653 0.0724725 28.3325
0.0431244 0.565941 0.823317 -111.854
-0.0652745 0.823919 -0.562936 22.5593
0 0 0 1

0.186201 -0.982512 1.32024e-05 -19.5668
-0.982512 -0.186201 -3.41336e-06 34.8579
5.82811e-06 -1.24059e-05 -1 25.0002
0 0 0 1

-0.18835 0.982102 -2.73585e-05 51.3679
-0.982102 -0.18835 -3.06805e-05 36.5957
-3.52395e-05 2.10918e-05 1 -0.00053978
0 0 0 1

-0.513324 -0.708623 -0.484098 6.57328
-0.834855 0.28167 0.472948 -3.27199
-0.198786 0.646927 -0.736186 23.2453
0 0 0 1

0.959971 -0.221139 -0.171907 -101.836
0.0314849 -0.524657 0.850731 -23.612
-0.278323 -0.822091 -0.496693 22.778
0 0 0 1

-0.0786773 -0.383138 -0.920334 25.0692
-0.945722 0.320683 -0.0526538 40.2303
0.315309 0.866238 -0.387573 29.663
0 0 0 1

-0.739599 0.169269 0.651415 33.0644
0.643312 -0.10672 0.758129 1.43523
0.197847 0.979775 -0.0299628 22.7424
0 0 0 1

0.756002 -0.627711 0.185578 -28.1705
-0.194514 -0.486143 -0.851956 -26.1211
0.625 0.607983 -0.489624 22.8305
0 0 0 1

