0.225664 0.909007 0.350401 -5.88631
0.813473 -0.373729 0.445634 -3.53614
0.536039 0.184478 -0.82379 19.7954
0 0 0 1

0.300618 -0.864935 -0.40189 -15.0286
0.683184 0.489316 -0.54206 -12.8213
0.665498 -0.111612 0.738008 10.9201
0 0 0 1

0.845681 0.26661 0.462324 103.277
0.519369 -0.610464 -0.597988 11.7622
0.122803 0.745824 -0.654726 21.8871
0 0 0 1

-0.00927293 -0.520871 -0.853585 103.168
-0.9971 0.069302 -0.0314572 51.7903
0.0755403 0.850817 -0.520003 22.7056
0 0 0 1

-0.584683 -0.795725 -0.158013 -3.88819
-0.608879 0.301706 0.733648 94.31
-0.536109 0.525162 -0.660903 21.4521
0 0 0 1

0.310501 -0.452192 0.836129 90.651
-0.803932 -0.594283 -0.0228523 -28.7946
0.50723 -0.665095 -0.548057 22.0649
0 0 0 1

-0.958286 0.131962 0.253524 -102.047
0.28459 0.52249 0.803749 33.8593
-0.0263999 0.842372 -0.53825 22.5345
0 0 0 1

0.187749 0.539002 0.821113 48.6968
0.976752 -0.190524 -0.0982705 91.2457
0.103474 0.820474 -0.562242 22.6109
0 0 0 1

0.512891 0.290715 -0.80773 57.4698
0.626695 -0.769835 0.120862 -8.62743
-0.586682 -0.56819 -0.577031 20.5786
0 0 0 1

-0.173077 0.626615 -0.759867 -71.3805
0.860079 -0.279768 -0.426609 78.4256
-0.479906 -0.727381 -0.490517 22.7878
0 0 0 1

0.872731 0.488201 1.13249e-06 36.1384
-0.488201 0.872731 -2.8213e-07 -100.183
-1.09422e-06 -3.1948e-07 1 0.000527382
0 0 0 1

-0.85262 0.518445 0.0652212 9.7357
-0.460856 -0.80493 0.373763 58.3241
0.246274 0.28862 0.925228 5.86431
0 0 0 1

0.578203 -0.808318 0.110922 -14.234
-0.525051 -0.264576 0.808901 -82.8516
-0.624502 -0.525948 -0.577387 21.0525
0 0 0 1

0.478789 -0.620249 -0.621331 94.4325
-0.194776 -0.765131 0.613707 -71.3679
-0.856051 -0.172816 -0.487146 22.7751
0 0 0 1

0.345666 -0.780677 -0.520633 80.4083
-0.700163 0.15481 -0.696997 31.029
0.624729 0.605456 -0.493089 22.8469
0 0 0 1

0.855806 0.517296 1.07586e-05 52.3597
0.517296 -0.855806 -8.71817e-06 -69.5805
4.70158e-06 1.30756e-05 -1 25.0005
0 0 0 1

0.704179 -0.145078 0.695042 36.4534
0.348237 -0.782509 -0.51615 36.2325
0.618759 0.605501 -0.500505 22.6693
0 0 0 1

-0.0228735 0.999718 0.00642574 -50.7033
0.460395 0.0162387 -0.887566 102.522
-0.88742 -0.0173434 -0.460636 22.2524
0 0 0 1

0.911769 -0.394286 -0.114961 5.34232
0.0712402 0.427503 -0.901203 44.4016
0.404478 0.813499 0.417873 16.363
0 0 0 1

0.145775 -0.652339 -0.743776 -73.0761
-0.95212 -0.296723 0.0736366 5.08353
-0.268732 0.69743 -0.66436 24.0805
0 0 0 1

