0.952968 -0.133685 0.271992 13.8303
0.158606 -0.544764 -0.823454 -13.0069
0.258255 0.827865 -0.49794 21.5961
0 0 0 1

-0.331265 -0.711972 -0.61916 96.0617
-0.336187 0.702208 -0.627601 65.9121
0.881613 0.000251503 -0.471972 22.3376
0 0 0 1

0.515691 -0.836239 0.186458 -22.9335
-0.561183 -0.165233 0.811031 -81.4622
-0.647407 -0.522879 -0.554492 20.8823
0 0 0 1

0.998533 0.0522816 -0.0141097 45.3533
0.0173123 -0.555084 -0.831614 101.344
-0.0513101 0.830149 -0.555175 22.2349
0 0 0 1

0.783393 -0.0207054 0.621181 -51.8424
0.499761 -0.573198 -0.649372 54.4784
0.369505 0.819155 -0.438692 21.6956
0 0 0 1

0.995308 0.0967544 -4.92856e-06 13.2462
-0.0967544 0.995308 1.25925e-05 69.3699
6.11642e-06 -1.19966e-05 1 0.00014782
0 0 0 1

0.452537 -0.633871 0.62723 -103.289
0.725559 0.670645 0.154267 -20.5195
-0.518434 0.385281 0.763403 10.634
0 0 0 1

0.124825 -0.974927 0.18422 47.5848
-0.457304 -0.221307 -0.861334 64.0995
0.880507 0.0232712 -0.473462 22.4747
0 0 0 1

-0.290697 -0.956815 -1.3113e-05 107.668
-0.956815 0.290698 1.62562e-05 -2.02345
-1.17243e-05 1.73577e-05 -1 25.0004
0 0 0 1

-0.359369 -0.933133 0.0107941 -9.61827
0.93235 -0.359512 -0.0383985 36.5083
0.0397116 -0.00373532 0.999204 0.722525
0 0 0 1

0.768134 0.640106 -0.0153247 -1.8357
-0.0402432 0.0243779 -0.998892 -103.031
-0.639023 0.7679 0.0444854 17.1027
0 0 0 1

-0.0459683 0.920129 0.388908 34.672
-0.631519 -0.328419 0.702371 -9.88164
0.773996 -0.213316 0.596176 16.2643
0 0 0 1

0.0409071 -0.63013 -0.775411 -83.4228
0.922553 -0.274201 0.271496 -59.2785
-0.383696 -0.726464 0.570112 16.8269
0 0 0 1

0.334095 0.942539 -2.5332e-06 -66.084
0.942539 -0.334095 -1.27117e-05 -66.4431
-1.28036e-05 1.89274e-06 -1 25.0005
0 0 0 1

-0.0572205 -0.998362 -5.06639e-07 43.0276
0.998362 -0.0572204 1.50601e-06 -93.9625
-1.53588e-06 -4.79338e-07 1 0.000522614
0 0 0 1

-0.816446 0.541037 0.201729 -37.4797
-0.2654 -0.0413441 -0.963252 -94.1549
-0.512815 -0.839982 0.177347 20.4036
0 0 0 1

-0.694989 -0.71902 0.000335872 75.8098
-0.351198 0.339052 -0.872757 36.5946
0.627416 -0.606674 -0.488155 22.6638
0 0 0 1

-0.390875 -0.24092 0.888355 -65.8653
-0.31802 0.941049 0.115282 -4.83196
-0.863759 -0.237454 -0.44445 21.3806
0 0 0 1

0.486064 0.871656 -0.0629116 -17.4896
0.384883 -0.278141 -0.880058 -4.25671
-0.784606 0.403551 -0.47068 22.4396
0 0 0 1

0.361104 -0.589684 0.72241 -2.98292
0.870009 -0.0658328 -0.48862 35.6327
0.33569 0.804946 0.489258 27.142
0 0 0 1

