0.644072 -0.724339 -0.245975 15.255
-0.632688 -0.323671 -0.703521 -44.3454
0.429973 0.608744 -0.666749 21.8729
0 0 0 1

-0.875353 -0.0986542 -0.473312 -56.7118
0.319594 0.61651 -0.719566 91.9022
0.36279 -0.781142 -0.508135 22.7277
0 0 0 1

0.220204 0.968611 -0.115337 -74.876
0.974745 -0.213993 0.0638752 38.0236
0.0371888 -0.12649 -0.991271 26.3206
0 0 0 1

0.843731 -0.536766 1.2666e-05 -27.2826
0.536766 0.843731 3.13916e-07 -95.7033
-1.08544e-05 6.47418e-06 1 0.000548363
0 0 0 1

0.852476 0.172418 0.493514 -55.4904
-0.289671 -0.630066 0.720491 49.5861
0.435172 -0.757158 -0.487172 22.7751
0 0 0 1

-0.349574 0.933056 0.0848821 16.852
0.537375 0.125463 0.833958 62.5932
0.76748 0.337144 -0.54526 21.9301
0 0 0 1

-0.471284 -0.881981 2.39909e-05 -17.0563
0.881981 -0.471284 -5.64655e-06 46.8301
1.62212e-05 1.8576e-05 1 0.000727654
0 0 0 1

-0.801737 0.597677 5.36442e-06 92.9592
-0.597677 -0.801737 -1.04745e-05 -17.7992
-1.93347e-06 -1.15983e-05 1 0.000417709
0 0 0 1

0.922967 -0.384878 -1.64509e-05 -82.1715
0.384878 0.922968 -4.03722e-06 -0.291268
1.67657e-05 -2.58226e-06 1 0.000153542
0 0 0 1

-0.0428705 -0.48454 0.873718 39.7284
-0.99908 0.0194896 -0.0382132 98.0059
0.00148743 -0.874552 -0.484929 22.7282
0 0 0 1

-0.0850261 -0.996379 8.9407e-07 82.6377
0.996379 -0.0850261 1.14838e-06 -64.7589
-1.02933e-06 9.49958e-07 1 0.000390053
0 0 0 1

0.97156 -0.132169 -0.196477 -96.9445
-0.236787 -0.549266 -0.801398 -28.3294
-0.00199812 0.82513 -0.56494 22.5787
0 0 0 1

0.79808 0.040976 -0.601156 41.3108
0.0106122 -0.998486 -0.0539704 6.80612
-0.602457 0.0366931 -0.797307 21.4059
0 0 0 1

0.554626 0.8321 -7.53999e-06 -57.3101
0.8321 -0.554626 -1.74443e-06 -42.1518
-5.65587e-06 -5.38866e-06 -1 25.0004
0 0 0 1

-0.144667 0.0448326 0.988464 9.62805
0.959995 0.248412 0.129233 36.0493
-0.239752 0.967616 -0.078976 21.4817
0 0 0 1

0.950013 -0.0640483 -0.30557 58.3244
0.0995943 0.989768 0.102179 -41.4532
0.295899 -0.127504 0.946671 6.5416
0 0 0 1

0.623283 0.776708 -0.0907853 -2.68021
-0.744752 0.554183 -0.371787 6.4389
-0.238458 0.299341 0.923868 0.0261145
0 0 0 1

-0.446297 0.774313 -0.448618 26.8577
-0.0683485 -0.529344 -0.84565 -15.1168
-0.892271 -0.346749 0.289168 19.7858
0 0 0 1

-0.684088 -0.362916 -0.632704 -14.2567
-0.724992 0.433525 0.535203 -36.9251
0.0800587 0.824832 -0.559681 22.4626
0 0 0 1

-0.24935 0.840355 0.481278 -44.3532
0.331027 0.541003 -0.773134 8.42436
-0.91008 -0.0334646 -0.413079 21.3643
0 0 0 1

