0.382549 0.0893859 0.919601 -118.158
0.228573 -0.973527 -0.000457568 -0.659382
0.895216 0.210371 -0.392852 20.0496
0 0 0 1

0.161109 -0.976668 -0.141999 80.0231
-0.515238 0.0394823 -0.856137 -69.0971
0.841768 0.211094 -0.496856 22.9001
0 0 0 1

-0.981145 -0.193271 -0.000266336 47.0727
0.193271 -0.981145 -0.000526472 -52.154
-0.000159546 -0.000568075 1 0.0119228
0 0 0 1

-0.735573 0.648034 0.197444 -10.9132
0.471479 0.280422 0.836105 -68.8751
0.486456 0.708107 -0.511806 19.3641
0 0 0 1

0.679926 0.677904 -0.279549 96.4223
0.536824 -0.200473 0.81953 45.7176
0.499521 -0.707289 -0.500222 22.8008
0 0 0 1

0.991198 -0.0896367 0.0974234 -6.23966
-0.0265017 -0.855358 -0.51736 12.1955
0.129706 0.510224 -0.850204 19.1897
0 0 0 1

0.956319 -0.292323 1.23829e-05 -79.1451
0.292323 0.95632 -1.05699e-06 -58.0404
-1.15207e-05 4.57176e-06 1 0.000411034
0 0 0 1

0.0847238 -0.565045 -0.820698 112.123
-0.995064 -0.0906953 -0.0402812 22.9664
-0.0516727 0.82006 -0.56994 22.3932
0 0 0 1

-0.767519 0.0188534 0.640749 63.5042
0.345703 0.853926 0.388973 -1.5652
-0.539819 0.520053 -0.661922 21.6295
0 0 0 1

-0.567363 -0.416268 -0.710507 -88.7691
-0.820328 0.360985 0.443567 37.3397
0.0718397 0.834512 -0.546286 22.4677
0 0 0 1

-0.87952 0.342361 -0.330505 11.7913
-0.050503 0.623461 0.780221 -27.5762
0.473175 0.702911 -0.531056 19.7693
0 0 0 1

-0.0805068 -0.934132 0.34773 66.0484
-0.489344 0.340968 0.802673 76.6326
-0.868367 -0.105539 -0.484562 22.7342
0 0 0 1

0.94648 0.322763 -2.22027e-06 -55.8288
-0.322763 0.94648 3.13916e-07 8.94241
2.17636e-06 4.58604e-07 1 3.43323e-05
0 0 0 1

-0.219052 0.975713 -1.62721e-05 24.1554
-0.975713 -0.219052 1.00891e-05 92.8514
6.24564e-06 1.81102e-05 1 0.000369072
0 0 0 1

0.913432 -0.40625 -0.0245375 -32.421
-0.200076 -0.395724 -0.89631 -16.8901
0.354416 0.823628 -0.442748 21.9006
0 0 0 1

0.884093 0.000461683 0.467311 16.1391
-0.10765 -0.972904 0.204621 -41.2352
0.454743 -0.23121 -0.860088 32.7281
0 0 0 1

0.571123 -0.820865 1.54078e-05 53.6567
-0.820865 -0.571123 8.14994e-06 56.3967
2.16949e-06 -1.73103e-05 -1 25.0004
0 0 0 1

-0.974958 0.22239 -1.32099e-05 -47.5121
0.22239 0.974958 -1.56561e-06 -83.1233
1.25192e-05 -4.48734e-06 -1 25.0004
0 0 0 1

0.337187 0.930503 0.143072 -7.89597
0.761794 -0.358969 0.53927 104.889
0.55315 -0.0728431 -0.829891 26.5696
0 0 0 1

-0.166323 0.498198 -0.850962 41.8454
0.768921 0.605798 0.204378 11.9543
0.617331 -0.620329 -0.483832 22.6614
0 0 0 1

