0.998889 -0.0471267 6.57327e-06 -50.9847
0.0471267 0.998889 -3.20276e-06 4.99733
-6.41289e-06 3.50073e-06 1 3.71933e-05
0 0 0 1

0.54012 -0.767078 -0.34621 2.10015
-0.562302 -0.635005 0.529703 14.0709
-0.626168 -0.0914284 -0.774309 20.1235
0 0 0 1

0.767995 0.637396 -0.0625353 11.6074
0.333748 -0.314961 0.888489 -116.492
0.546623 -0.703226 -0.454618 19.431
0 0 0 1

0.539528 -0.841968 3.09944e-06 90.9683
0.841968 0.539528 9.01619e-06 13.3774
-9.26152e-06 -2.24139e-06 1 0.000499725
0 0 0 1

0.145141 -0.952317 0.268378 -84.9506
-0.438616 -0.305071 -0.845309 -54.8252
0.886877 0.00497435 -0.461979 22.3476
0 0 0 1

-0.773317 -0.460497 0.435802 -96.915
0.0240102 0.6656 0.745922 -36.3675
-0.633565 0.587298 -0.503663 22.7363
0 0 0 1

0.188914 -0.981993 2.50339e-06 78.5929
0.981994 0.188914 1.3868e-06 -27.2365
-1.80482e-06 2.21363e-06 1 0.000510216
0 0 0 1

-0.425027 -0.305117 -0.852207 -39.9306
-0.781291 0.599083 0.175168 -98.1692
0.457095 0.740273 -0.493011 22.7434
0 0 0 1

0.0527881 -0.568978 0.820657 44.9843
-0.871963 0.374282 0.315586 9.62449
-0.486718 -0.732241 -0.47637 21.2464
0 0 0 1

-0.789767 -0.613407 2.7895e-05 -45.947
0.613407 -0.789767 -1.71264e-06 -58.1015
2.3064e-05 1.58203e-05 1 0.000658035
0 0 0 1

0.668699 0.0135349 -0.74341 54.0504
0.506664 -0.740059 0.442271 -99.556
-0.544181 -0.672405 -0.501735 22.7942
0 0 0 1

-0.759255 -0.648392 0.0558555 1.42957
0.0164069 0.0667288 0.997636 -52.7701
-0.650587 0.758376 -0.0400261 17.7262
0 0 0 1

0.171807 -0.983435 -0.0577742 85.0282
-0.466634 -0.132891 0.87441 -73.0458
-0.867603 -0.123271 -0.481736 22.685
0 0 0 1

-0.750401 -0.641273 -0.16021 15.9155
0.356011 -0.59634 0.719468 -80.5497
-0.556915 0.482853 0.675795 11.6883
0 0 0 1

-0.282612 -0.95566 0.0827276 35.8773
-0.48507 0.0679762 -0.871829 -28.0189
0.827549 -0.286518 -0.482773 22.7357
0 0 0 1

0.0409815 -0.994374 0.0976762 27.1081
0.859861 0.0848883 0.503421 -13.9355
-0.50888 0.063357 0.858503 10.4231
0 0 0 1

0.990521 0.118061 -0.0702109 -32.0852
0.11632 -0.992806 -0.0284002 100.643
-0.0730588 0.0199641 -0.997128 25.8223
0 0 0 1

0.523242 0.782459 0.337603 -37.1181
-0.573562 0.616354 -0.539569 -10.5437
-0.630273 0.0886882 0.771291 12.8789
0 0 0 1

-0.0529865 0.529273 -0.846795 -30.7575
0.890872 0.408164 0.199371 50.253
0.451153 -0.743822 -0.493142 22.7902
0 0 0 1

0.748464 0.608795 -0.263002 10.708
-0.409761 0.736359 0.538398 2.0337
0.521438 -0.295203 0.800598 25.5998
0 0 0 1

