-0.413075 -0.194698 0.889641 -55.0446
-0.696506 0.696907 -0.170881 14.3097
-0.586727 -0.690227 -0.423483 19.4631
0 0 0 1

-0.947639 -0.319342 -5.30481e-06 91.3057
0.319342 -0.94764 4.60545e-06 40.7373
-6.51275e-06 2.70039e-06 1 0.000479698
0 0 0 1

-0.309391 -0.950935 1.70469e-05 11.8069
-0.950935 0.309391 6.95785e-06 -107.062
-1.19327e-05 -1.40532e-05 -1 25.0003
0 0 0 1

0.57615 -0.37707 -0.725168 -80.7569
0.0520092 -0.868515 0.492928 -63.5043
-0.815687 -0.321716 -0.480784 22.6004
0 0 0 1

-0.0025748 -0.999997 1.72853e-06 49.5114
0.999997 -0.00257486 -5.20549e-07 -82.3701
4.60944e-07 1.78803e-06 1 0.000551224
0 0 0 1

-0.11892 -0.624321 -0.772063 -60.221
-0.85257 -0.334335 0.401677 -84.5158
-0.508903 0.706006 -0.492518 22.8196
0 0 0 1

0.998587 -0.0419132 0.0326649 57.9959
0.0017407 -0.58858 -0.808437 -33.7434
0.0531101 0.807352 -0.587675 22.4131
0 0 0 1

-0.267686 -0.200898 -0.942329 2.66419
-0.842206 -0.426272 0.330123 -12.5271
-0.468009 0.882005 -0.0550908 20.5639
0 0 0 1

-0.490513 0.866691 0.0907954 106.854
-0.85474 -0.458201 -0.243869 6.51036
-0.169756 -0.197227 0.965549 5.30541
0 0 0 1

-0.487446 0.580947 0.651841 -72.0271
0.86282 0.20597 0.461647 -26.2167
0.133933 0.78745 -0.601651 22.4418
0 0 0 1

-0.0914098 -0.968328 -0.232346 64.965
-0.45521 0.24815 -0.855106 85.5128
0.88568 0.0276011 -0.463476 22.377
0 0 0 1

0.571384 0.388879 -0.722699 -37.5847
-0.0202293 -0.873665 -0.486107 -95.1345
-0.820433 0.292373 -0.491332 22.8533
0 0 0 1

0.30941 -0.935621 0.169938 1.63937
0.833957 0.181113 -0.521262 111.028
0.456926 0.303005 0.836305 9.42726
0 0 0 1

-0.712619 -0.104702 0.693694 57.0121
-0.428664 0.847732 -0.312407 -0.738738
-0.555357 -0.519989 -0.648992 22.0682
0 0 0 1

0.346205 0.452198 0.821985 12.4979
0.883764 -0.451204 -0.124005 -14.5869
0.314808 0.769371 -0.555845 23.0568
0 0 0 1

-0.642286 -0.76207 0.0819621 -20.1498
-0.384218 0.227594 -0.89475 -68.8106
0.663208 -0.606177 -0.438981 20.8682
0 0 0 1

0.947012 -0.177902 -0.267431 101.629
-0.321189 -0.530803 -0.784274 -35.5823
-0.00242905 0.828612 -0.559818 22.4963
0 0 0 1

-0.981267 0.162992 0.102703 49.5457
0.146667 0.977699 -0.150313 34.6672
-0.124913 -0.132434 -0.983289 26.5426
0 0 0 1

-0.91544 -0.274943 -0.293898 -59.8345
-0.393355 0.456844 0.79785 81.8489
-0.0850973 0.84599 -0.526364 22.6878
0 0 0 1

0.235604 -0.532313 -0.813101 26.8305
-0.969705 -0.184305 -0.160323 32.5037
-0.0645163 0.826241 -0.55961 22.5592
0 0 0 1

