-0.961882 0.273455 0.00222172 106.222
-0.273454 -0.961885 0.000542716 -11.4522
0.00228545 -8.55151e-05 0.999997 14.9708
0 0 0 1

0.920503 -0.36312 0.144287 -57.382
-0.374041 -0.925681 0.0566372 4.10157
0.112998 -0.106104 -0.987914 18.2202
0 0 0 1

-0.282991 -0.959122 -0.000332862 40.5505
0.959123 -0.282991 -0.000479623 148.38
0.000365806 -0.000454915 1 14.9438
0 0 0 1

-0.237458 0.660683 -0.712118 -24.6543
0.968451 0.103957 -0.226485 71.2423
-0.075605 -0.743432 -0.664525 29.9764
0 0 0 1

0.410431 0.846925 -0.338029 85.5406
0.870867 -0.254106 0.420739 -127.94
0.270439 -0.467063 -0.841852 24.6337
0 0 0 1

-0.923129 -0.363144 -0.126335 -152.613
-0.384382 0.879476 0.280665 -22.9282
0.00918683 0.30765 -0.951455 20.6369
0 0 0 1

-0.428593 0.74588 -0.509874 127.88
-0.658156 -0.644366 -0.389389 94.7467
-0.618983 0.168688 0.767075 32.1952
0 0 0 1

0.780953 -0.503229 0.369964 31.3794
-0.544242 -0.838893 0.00776164 -78.8177
0.306454 -0.207411 -0.929014 22.3526
0 0 0 1

0.828651 -0.317189 0.461224 155.804
0.300728 0.947215 0.111112 15.0757
-0.472122 0.0466298 0.880299 28.4983
0 0 0 1

-0.829941 0.549099 0.098424 -69.5338
-0.550449 -0.777438 -0.304294 -139.234
-0.0905693 -0.306724 0.94748 23.5166
0 0 0 1

0.0631078 0.997672 -0.0258285 -105.102
0.899848 -0.0456893 0.433805 -75.5027
0.431615 -0.0506182 -0.900636 23.0308
0 0 0 1

0.0974084 0.868207 0.486547 128.027
-0.993964 0.0600785 0.0917894 53.7896
0.0504612 -0.492552 0.868819 72.0826
0 0 0 1

0.426257 0.857972 -0.286687 39.2443
0.6591 -0.511633 -0.551197 37.5069
-0.61959 0.0459958 -0.783577 28.5913
0 0 0 1

-0.769501 -0.0703082 -0.634764 -140.557
-0.610594 0.37233 0.69896 106.319
0.187199 0.925433 -0.329438 44.3464
0 0 0 1

-0.88849 -0.0455623 -0.456627 128.88
0.356066 0.559264 -0.748626 -83.9773
0.289484 -0.827737 -0.480678 45.2004
0 0 0 1

0.892559 0.445089 0.0723422 46.5675
-0.412912 0.871196 -0.265558 118.481
-0.181221 0.207155 0.961377 41.3933
0 0 0 1

0.989412 0.0306552 0.141858 -22.5839
-0.0227166 0.998102 -0.0572471 -82.0111
-0.143344 0.0534184 0.98823 46.1168
0 0 0 1

0.835307 -0.473445 -0.279483 -55.9407
0.252854 0.782227 -0.569373 27.918
0.488187 0.404933 0.773113 66.062
0 0 0 1

-0.835246 0.0461674 -0.547935 105.816
-0.525803 0.224557 0.82043 -143.283
0.16092 0.973367 -0.163286 64.209
0 0 0 1

-0.444066 0.354666 -0.822811 0.072443
-0.895751 -0.197145 0.398453 144.845
-0.0208956 0.913973 0.405238 61.5507
0 0 0 1

