0.885943 -0.463794 -0.000142157 -133.373
0.463794 0.885943 0.000242428 76.6267
1.35207e-05 -0.000280699 1 14.9691
0 0 0 1

0.981435 0.191792 0.00130949 61.8844
-0.191793 0.981435 0.000667051 -27.5594
-0.00115725 -0.000905828 0.999999 14.9312
0 0 0 1

-0.46783 -0.852485 0.233247 -121.55
0.883689 -0.455695 0.106938 85.181
0.0151264 0.256147 0.96652 45.8355
0 0 0 1

-0.527038 0.849841 -0.00067848 142.543
-0.849841 -0.527038 -0.000244661 53.5817
-0.000565536 0.000447608 1 14.9271
0 0 0 1

-0.878795 -0.476992 -0.0140981 74.5586
0.476613 -0.875866 -0.0754955 133.888
0.0236627 -0.0730645 0.997047 17.0023
0 0 0 1

-0.246084 -0.939246 -0.239289 -45.9299
-0.928456 0.2993 -0.219976 -41.2953
0.278231 0.168037 -0.945701 20.4252
0 0 0 1

0.973226 0.0954603 -0.20909 -15.7873
-0.130934 0.977902 -0.162982 146.448
0.188912 0.185995 0.964219 21.9852
0 0 0 1

0.111218 -0.977549 0.178967 52.0504
-0.870878 -0.182622 -0.456311 -143.704
0.47875 -0.105108 -0.871637 21.5144
0 0 0 1

0.056164 -0.886853 0.458625 68.6395
-0.883587 0.169733 0.436423 84.2079
-0.464887 -0.429746 -0.774079 32.4825
0 0 0 1

-0.89623 -0.231359 0.378477 -131.652
-0.232695 0.971603 0.042911 -20.2926
-0.377657 -0.0496115 -0.924616 19.6434
0 0 0 1

0.143102 0.988063 -0.0570304 135.018
0.989395 -0.141371 0.0333399 -72.5087
0.0248795 -0.0611966 -0.997816 19.1232
0 0 0 1

0.774979 0.271413 -0.570738 36.306
-0.592986 0.624618 -0.508154 62.6345
0.218574 0.732249 0.64501 38.2497
0 0 0 1

0.795503 0.530816 0.29225 -146.285
0.604259 -0.730927 -0.317202 -39.0395
0.0452374 0.42893 -0.902204 46.8887
0 0 0 1

-0.620768 -0.783995 0.000344604 32.0605
0.725878 -0.574917 -0.377586 -67.4689
0.296224 -0.234143 0.925975 37.3869
0 0 0 1

0.260312 -0.920502 0.291399 4.07388
0.697072 0.388 0.602948 11.3364
-0.668078 0.0461713 0.742657 50.0673
0 0 0 1

0.744028 0.473876 0.471024 -44.292
-0.115973 0.785862 -0.60743 64.0966
-0.658006 0.397319 0.63966 36.2304
0 0 0 1

-0.451661 0.482575 0.750416 150.508
0.887243 0.33139 0.320905 80.3356
-0.0938189 0.810741 -0.577838 64.536
0 0 0 1

0.286922 0.957457 0.0308392 -38.3252
0.953501 -0.28234 -0.10545 -145.205
-0.092257 0.0596611 -0.993946 19.5387
0 0 0 1

-0.78452 -0.348493 -0.512914 -63.9176
0.471899 -0.87213 -0.129229 140.704
-0.402292 -0.343427 0.848657 34.8213
0 0 0 1

-0.650526 0.614119 0.446848 68.7707
-0.459675 -0.786725 0.412024 -12.6015
0.604578 0.0626276 0.79408 59.7814
0 0 0 1

