0.470113 0.882605 0.00119442 123.105
-0.882606 0.470113 0.000595287 -21.2833
-3.6159e-05 -0.00133417 0.999999 14.9682
0 0 0 1

-0.790809 -0.607716 -0.0728238 17.7362
0.514427 -0.724406 0.458914 129.54
-0.331643 0.32545 0.885491 27.2586
0 0 0 1

0.948763 0.112955 0.29511 65.1494
-0.165516 0.973203 0.159624 57.7892
-0.269172 -0.200291 0.942035 24.2341
0 0 0 1

0.807186 0.590297 -0.000409812 -93.086
-0.590297 0.807186 -3.27071e-05 31.9332
0.000311438 0.000268316 1 14.9674
0 0 0 1

0.854244 -0.519258 0.0252704 -24.8157
-0.516591 -0.853301 -0.0707904 -47.6014
0.0583218 0.0474178 -0.997171 19.1504
0 0 0 1

0.869858 0.462253 -0.172248 -146.815
0.403029 -0.4646 0.788489 57.0346
0.284455 -0.755294 -0.590437 46.7036
0 0 0 1

-0.938765 0.343282 -0.0296013 143.36
-0.330149 -0.871602 0.36237 38.6927
0.0985948 0.349953 0.931564 27.2558
0 0 0 1

-0.920307 0.391198 -0.000202626 85.3817
-0.391198 -0.920307 -0.000155075 -127.635
-0.000247168 -6.35788e-05 1 14.9607
0 0 0 1

0.0983982 0.865868 0.4905 -71.2082
-0.84901 0.330168 -0.412519 140.633
-0.519135 -0.375848 0.767618 70.2191
0 0 0 1

0.436286 0.624287 -0.648012 34.4563
0.897522 -0.250624 0.362825 -47.4903
0.0640996 -0.7399 -0.669656 35.1186
0 0 0 1

0.599033 -0.800723 -0.00162983 -7.155
0.800724 0.599032 0.00135823 -151.589
-0.000111217 -0.00211868 0.999998 14.9736
0 0 0 1

-0.863408 0.467779 0.188968 -78.4054
0.445836 0.882765 -0.148175 -125.637
-0.236128 -0.0436866 -0.97074 20.2886
0 0 0 1

0.266259 -0.92474 -0.271959 -90.3101
-0.600748 -0.379847 0.703433 140.001
-0.753796 -0.0239166 -0.656673 33.5726
0 0 0 1

0.0504621 -0.99625 0.0702764 -18.8131
-0.995406 -0.0559027 -0.0777347 22.1985
0.0813719 -0.066031 -0.994494 29.6673
0 0 0 1

-0.963812 0.259311 -0.0618412 15.5132
-0.259019 -0.856055 0.447301 144.769
0.0630504 0.447132 0.892243 47.3138
0 0 0 1

0.955642 0.0986813 -0.277508 -56.3854
-0.109421 0.993719 -0.0234438 6.28359
0.273452 0.0527692 0.960437 53.6969
0 0 0 1

-0.624194 0.700721 0.345503 86.1041
-0.683295 -0.275216 -0.676287 109.187
-0.3788 -0.658214 0.650588 60.7989
0 0 0 1

0.762242 0.522046 -0.382694 -57.3165
0.644343 -0.668323 0.371706 -93.7805
-0.0617157 -0.529917 -0.845801 60.3607
0 0 0 1

-0.451609 -0.308176 -0.837303 135.752
-0.148976 -0.899233 0.411322 75.8212
-0.87969 0.310495 0.360191 66.5611
0 0 0 1

0.86863 0.26289 0.419966 59.3672
-0.211687 0.963282 -0.165155 43.8358
-0.447963 0.0545577 0.892386 65.7907
0 0 0 1

