-0.899467 0.432852 0.0599851 103.49
0.436497 0.883443 0.170287 -103.918
0.0207157 0.179351 -0.983567 20.328
0 0 0 1

0.412524 -0.910947 7.25985e-05 -60.8223
0.910947 0.412524 -0.000144168 -83.2687
0.000101427 0.000125545 1 14.9673
0 0 0 1

0.908708 -0.252601 -0.33233 -52.0668
-0.347145 -0.899422 -0.265575 -12.1468
-0.231821 0.356696 -0.905001 19.6386
0 0 0 1

-0.929229 0.111069 -0.352414 148.298
0.243106 0.902024 -0.356725 -37.7214
0.278265 -0.417153 -0.865189 23.0278
0 0 0 1

-0.671763 -0.740766 0.000155419 71.5261
0.740766 -0.671763 0.000232653 -29.5539
-6.79765e-05 0.00027141 1 14.9627
0 0 0 1

0.270425 -0.962741 -0.000948042 9.55955
0.962741 0.270424 0.00123163 149.7
-0.000929314 -0.00124573 0.999999 14.9401
0 0 0 1

0.245314 -0.932673 -0.264465 -25.2818
0.820364 0.345073 -0.45599 108.653
0.51655 -0.105097 0.849783 28.6454
0 0 0 1

0.225478 0.839107 -0.495033 37.3465
-0.938824 0.322912 0.119736 -104.597
0.260324 0.437751 0.860584 30.2732
0 0 0 1

-0.845229 -0.534043 -0.0196203 -105.874
-0.526528 0.825933 0.201502 83.1507
-0.0914057 0.180646 -0.979292 20.8416
0 0 0 1

-0.863081 0.400224 0.308078 -80.8369
0.498737 0.57909 0.644916 -125.492
0.0797062 0.710264 -0.699408 33.1393
0 0 0 1

0.753464 0.614537 -0.233743 8.91148
0.553608 -0.784762 -0.278688 13.5494
-0.354697 0.0805797 -0.931503 22.6005
0 0 0 1

0.818441 -0.57459 -0.000359237 117.854
0.57459 0.818441 0.000155048 98.4865
0.000204916 -0.000333273 1 14.9588
0 0 0 1

0.114155 0.771689 0.625671 34.7938
-0.799614 0.445114 -0.403102 95.8677
-0.589565 -0.454279 0.667866 43.407
0 0 0 1

-0.912151 0.368045 -0.18034 144.389
0.327383 0.919006 0.219657 50.8698
0.246577 0.14132 -0.958764 32.0364
0 0 0 1

0.887786 0.435881 0.147795 -82.642
0.0177097 0.288525 -0.957309 149.516
-0.459915 0.852503 0.248429 49.0259
0 0 0 1

0.74423 0.112877 0.658316 -159.525
0.0520701 0.972812 -0.225668 -0.0775855
-0.66589 0.202227 0.718119 31.4268
0 0 0 1

0.724647 0.0603629 0.686471 -43.6687
0.619305 0.379856 -0.687147 56.3239
-0.302239 0.923074 0.237879 55.0589
0 0 0 1

0.156445 0.98544 0.0665779 60.8564
0.987048 -0.158412 0.0253321 -32.4549
0.0355101 0.0617526 -0.99746 51.1853
0 0 0 1

0.550732 0.76111 0.342645 -7.29081
0.555726 -0.640651 0.529845 -54.7548
0.622786 -0.101386 -0.775796 56.1478
0 0 0 1

0.559234 -0.824055 -0.0905026 153.122
-0.825102 -0.563859 0.0356324 -2.06538
-0.0803937 0.054747 -0.995259 51.0606
0 0 0 1

