-0.162334 -0.965351 0.204314 81.5017
-0.795553 0.250538 0.551658 47.2657
-0.583732 -0.0729898 -0.808659 23.7362
0 0 0 1

0.00690341 -0.947696 0.319099 78.6827
-0.976644 -0.0749202 -0.201378 -50.3301
0.214752 -0.310256 -0.926079 20.9846
0 0 0 1

0.130329 -0.978014 -0.162795 -145.207
0.971777 0.158571 -0.174658 48.319
0.196633 -0.135437 0.971078 21.475
0 0 0 1

-0.68994 0.670144 -0.27366 -91.725
0.625275 0.742215 0.241138 124.854
0.364711 -0.00474211 -0.931109 21.5118
0 0 0 1

-0.178542 -0.966219 -0.18586 -35.3686
-0.890388 0.239046 -0.387384 -71.6176
0.418726 0.096323 -0.90299 21.8843
0 0 0 1

0.99986 -0.0157832 -0.00558186 24.937
0.0157502 0.999858 -0.0059074 110.137
0.00567431 0.00581865 0.999967 15.1172
0 0 0 1

-0.894443 -0.44718 -0.00118105 -58.8183
0.447182 -0.894439 -0.00276594 25.6875
0.000180488 -0.00300221 0.999996 14.9462
0 0 0 1

-0.572435 -0.811528 0.117215 101.438
0.650975 -0.362882 0.666744 114.641
-0.498547 0.457972 0.736011 40.4553
0 0 0 1

-0.936075 -0.351798 -0.00131066 -138.244
0.351799 -0.936075 -0.000605567 -67.4863
-0.00101384 -0.00102798 0.999999 14.9378
0 0 0 1

0.850889 0.51726 0.0918102 44.7542
-0.470593 0.82816 -0.304455 -135.669
-0.233516 0.215853 0.948092 23.2568
0 0 0 1

0.535035 0.792357 0.293099 -5.05855
-0.814618 0.391909 0.427557 -35.5831
0.22391 -0.467522 0.855154 32.142
0 0 0 1

0.743009 -0.480259 -0.466143 -65.7211
-0.347394 -0.872054 0.344731 26.7483
-0.572062 -0.0942029 -0.814783 57.4264
0 0 0 1

-0.49436 -0.848118 0.190535 -84.6878
-0.752445 0.527272 0.394729 -129.654
-0.435241 0.0517714 -0.898824 24.5886
0 0 0 1

-0.271212 -0.492279 0.827106 150.009
0.889954 -0.455581 0.020666 -44.9266
0.366641 0.741692 0.561665 37.4329
0 0 0 1

-0.184251 0.357967 -0.915375 157.523
-0.916684 0.273415 0.291436 44.0993
0.354602 0.892807 0.277765 42.0791
0 0 0 1

-0.0918178 -0.974598 -0.204273 -46.3076
-0.994921 0.0812894 0.059366 90.7249
-0.0412529 0.208686 -0.977112 31.8444
0 0 0 1

-0.151979 0.973115 -0.173062 -154.405
-0.540647 -0.228426 -0.809643 9.35787
-0.827407 -0.0294832 0.560828 46.0687
0 0 0 1

0.270374 0.962732 0.00668526 -27.1487
-0.609714 0.176598 -0.772698 98.6746
-0.745081 0.204841 0.634739 76.0136
0 0 0 1

0.54513 0.806644 0.228384 110.921
-0.8372 0.509517 0.198719 100.927
0.04393 -0.299531 0.953075 76.7852
0 0 0 1

0.915937 0.303986 0.262017 73.1718
0.397264 -0.779387 -0.484497 -32.2034
0.0569325 0.547858 -0.834632 43.1408
0 0 0 1

