0.954636 0.206363 -0.214671 -19.507
0.118403 -0.924539 -0.362226 -108.338
-0.273222 0.320377 -0.907033 21.3103
0 0 0 1

0.352977 0.935354 0.0228156 -26.0184
0.923335 -0.352175 0.153051 -15.3921
0.151192 -0.0329569 -0.987955 20.3431
0 0 0 1

0.361621 0.892408 -0.269886 -57.8886
0.797323 -0.145981 0.585633 152.289
0.483225 -0.426964 -0.764327 29.7955
0 0 0 1

0.539652 0.761588 -0.35883 148.725
-0.720063 0.63838 0.271992 36.5478
0.436215 0.111599 0.892895 26.1138
0 0 0 1

0.75603 -0.652272 -0.0544026 117.217
-0.65149 -0.741898 -0.158581 -100.651
0.0630766 0.155335 -0.985846 20.3778
0 0 0 1

-0.419322 0.868645 0.263866 152.955
0.742382 0.495389 -0.451064 -33.288
-0.522531 0.00674828 -0.852594 24.5889
0 0 0 1

0.775494 -0.475397 -0.415459 85.885
0.557086 0.824892 0.095956 -2.09448
0.297092 -0.30586 0.904537 25.2588
0 0 0 1

0.0128562 -0.914124 -0.405231 59.739
0.955275 -0.108512 0.27509 63.2761
-0.295439 -0.390644 0.871845 28.8864
0 0 0 1

-0.85832 -0.513088 -0.00523618 -127.704
-0.505389 0.843589 0.18149 86.4987
-0.088703 0.158422 -0.983379 20.5328
0 0 0 1

-0.0396887 0.813734 -0.579881 -77.247
-0.946251 0.15582 0.283423 -85.7237
0.320988 0.559962 0.763812 33.5555
0 0 0 1

-0.0649357 -0.401448 0.913577 -105.304
0.574641 -0.763519 -0.294664 -17.6162
0.815825 0.505844 0.280268 39.5556
0 0 0 1

-0.820905 0.246959 0.514904 -154.573
0.311261 0.949445 0.0408659 -1.2557
-0.478781 0.193817 -0.856273 19.3778
0 0 0 1

0.563413 0.82161 0.0867286 -111.2
0.805119 -0.569569 0.165454 74.1347
0.185337 -0.0233922 -0.982397 50.81
0 0 0 1

0.861507 0.380686 -0.335983 22.2134
0.357624 -0.924674 -0.130706 -70.0333
-0.360432 -0.00755123 -0.932755 30.7528
0 0 0 1

0.657494 -0.588254 0.470806 -36.5418
-0.47243 -0.808635 -0.350598 66.7305
0.586951 0.00809344 -0.809582 26.173
0 0 0 1

0.761314 -0.581662 -0.28648 -57.9278
-0.577026 -0.406301 -0.708492 -45.2925
0.295706 0.704691 -0.644957 73.7254
0 0 0 1

-0.0782731 -0.944627 -0.318674 73.291
0.996592 -0.0657914 -0.0497622 -22.0752
0.0260407 -0.321483 0.946557 55.6063
0 0 0 1

0.916099 -0.394002 -0.0743309 4.17644
0.33458 0.853358 -0.399796 12.5787
0.220951 0.341383 0.913585 70.3989
0 0 0 1

0.701566 0.501939 -0.505829 18.4436
-0.539398 0.837916 0.0833469 117.211
0.465677 0.21437 0.858598 28.3074
0 0 0 1

0.124427 -0.95261 0.277583 -47.0519
0.81677 -0.0605109 -0.573781 139.132
0.563387 0.298115 0.770534 54.8165
0 0 0 1

