0.573232 -0.755223 -0.317872 -95.8948
-0.819215 -0.536299 -0.203149 -93.4787
-0.017052 0.376858 -0.926114 21.5332
0 0 0 1

-0.999812 0.0193872 -0.000116079 75.3156
-0.019387 -0.999811 -0.0014653 -71.6941
-0.000144468 -0.00146298 0.999999 14.9676
0 0 0 1

-0.863192 -0.474344 0.172909 0.974777
-0.437321 0.873615 0.213415 -4.79864
-0.252288 0.108601 -0.961539 4.45829
0 0 0 1

-0.951885 0.306402 0.00573318 -153.242
-0.306391 -0.951902 0.00281067 13.1278
0.00631862 0.000918883 0.99998 14.9725
0 0 0 1

0.533955 -0.739379 0.410134 -109.031
0.756353 0.634504 0.159169 52.8165
-0.377918 0.225217 0.898028 26.5035
0 0 0 1

-0.0991627 0.988321 0.115703 -20.1861
-0.992634 -0.090116 -0.0809725 -153.137
-0.0696002 -0.12288 0.989978 18.6865
0 0 0 1

-0.94375 -0.330625 -0.0048693 151.413
0.330633 -0.943759 -0.000995084 16.3116
-0.00426644 -0.00254909 0.999988 14.9467
0 0 0 1

0.961382 -0.274678 -0.017201 -13.2624
0.261509 0.931195 -0.253947 -62.4994
0.0857711 0.239642 0.967065 21.7721
0 0 0 1

0.0717305 -0.997384 0.00890678 34.6073
0.980586 0.068883 -0.183592 -64.7782
0.182499 0.021903 0.982962 50.5841
0 0 0 1

0.627947 -0.778256 -0.000633687 -16.8993
0.778256 0.627946 0.00126381 95.2283
-0.000585582 -0.00128684 0.999999 14.9539
0 0 0 1

0.00956148 -0.864789 -0.502043 133.573
-0.99992 -0.0124513 0.00240437 -82.7918
-0.00833036 0.50198 -0.864839 25.0467
0 0 0 1

0.547354 0.785741 -0.288121 52.1305
0.495805 -0.581799 -0.644738 -153.289
-0.674226 0.210049 -0.708025 29.4629
0 0 0 1

0.930509 0.366268 -0.000865415 -10.4494
-0.332428 0.845525 0.417825 157.703
0.153768 -0.388503 0.908527 26.9987
0 0 0 1

-0.815732 0.558392 -0.150929 68.3179
0.574928 0.754037 -0.317626 29.372
-0.0635531 -0.345871 -0.936127 23.0107
0 0 0 1

0.977258 0.0790272 0.196779 -37.8637
0.0413054 -0.981129 0.188891 23.8816
0.207993 -0.176467 -0.96208 33.1305
0 0 0 1

-0.730619 0.653271 0.198577 140.681
-0.571249 -0.744148 0.34629 70.3496
0.373993 0.139569 0.91687 31.2028
0 0 0 1

-0.949502 0.286648 0.12759 146.284
-0.312452 -0.826722 -0.467872 9.92334
-0.0286332 -0.484112 0.874538 51.9644
0 0 0 1

0.663204 0.741168 -0.104066 -149.082
-0.74177 0.632391 -0.223291 38.4223
-0.0996857 0.22528 0.969181 56.2713
0 0 0 1

0.937889 -0.060505 -0.341619 -19.886
0.0219124 0.99304 -0.115721 5.27348
0.346243 0.101048 0.932687 66.4799
0 0 0 1

0.738561 0.659058 0.142023 -88.4706
0.570272 -0.723069 0.389822 11.192
0.359608 -0.206915 -0.909873 68.152
0 0 0 1

