0.970238 -0.242152 -0.000327937 92.1933
0.242152 0.970238 0.00100942 -107.643
7.37639e-05 -0.00105877 1 14.952
0 0 0 1

-0.0944155 -0.867878 -0.487722 -60.2017
-0.960959 -0.048538 0.272398 72.3466
-0.260081 0.4944 -0.829413 23.4925
0 0 0 1

-0.928912 -0.114477 -0.352162 -89.6119
-0.109894 0.993394 -0.0330477 -20.6677
0.353619 0.00800227 -0.935355 20.0975
0 0 0 1

0.968816 -0.247779 -0.000150077 -131.261
0.247779 0.968817 2.22127e-06 78.9212
0.000144843 -3.94159e-05 1 14.9565
0 0 0 1

-0.32008 -0.945701 0.0565492 -2.34705
-0.88879 0.279079 -0.363549 -114.682
0.328027 -0.166625 -0.929857 21.2472
0 0 0 1

-0.419948 0.683036 -0.597583 131.458
0.904848 0.264369 -0.333704 -65.4706
-0.0699494 -0.680861 -0.729065 32.3201
0 0 0 1

-0.9028 0.332 -0.273364 140.937
0.387966 0.903001 -0.184584 15.3705
0.185566 -0.272699 -0.944034 20.6937
0 0 0 1

0.745578 0.666417 -0.00148016 72.7044
-0.666419 0.745576 -0.00153308 29.5525
8.18975e-05 0.00212941 0.999998 14.9431
0 0 0 1

-0.18606 -0.927056 0.325499 4.25196
0.968864 -0.228189 -0.0960882 85.6037
0.163354 0.297486 0.940647 31.7543
0 0 0 1

-0.558589 -0.799639 -0.220353 16.8762
0.808219 -0.584451 0.0721046 -29.02
-0.186443 -0.137817 0.972751 25.4105
0 0 0 1

0.462122 -0.469272 -0.752481 -6.01636
0.815296 -0.109023 0.568689 163.284
-0.348907 -0.876298 0.332213 45.3226
0 0 0 1

0.708253 0.684917 0.171074 -28.4318
0.320497 -0.0960372 -0.942369 15.1757
-0.629015 0.722264 -0.287532 49.5945
0 0 0 1

-0.158846 -0.962522 -0.219815 42.8013
-0.863448 0.0274658 0.50369 -71.6228
-0.478776 0.269808 -0.83545 51.8936
0 0 0 1

0.737374 -0.672382 -0.0646586 -51.4777
-0.674824 -0.729041 -0.114505 -61.1446
0.0298523 0.128066 -0.991316 39.9517
0 0 0 1

0.669156 0.631716 0.391363 66.5128
-0.728346 0.662026 0.176729 142.282
-0.14745 -0.403307 0.903107 29.5426
0 0 0 1

-0.997973 -0.0625148 -0.0118969 74.0101
-0.054091 0.931801 -0.358915 -0.350893
0.0335231 -0.357544 -0.933294 53.7956
0 0 0 1

0.895865 0.383518 0.224366 -33.7567
0.437885 -0.847719 -0.29938 -68.4213
0.0753817 0.36645 -0.927379 72.2314
0 0 0 1

-0.0625312 -0.841286 -0.536962 -162.708
-0.349603 0.522391 -0.777744 -11.6517
0.934809 0.13909 -0.326781 67.7439
0 0 0 1

-0.205438 -0.886789 -0.414006 -134.351
-0.63887 0.441978 -0.629683 -90.1815
0.741378 0.135135 -0.657341 63.9655
0 0 0 1

-0.984386 -0.147982 -0.0953186 21.2596
0.0869535 -0.879635 0.467634 -28.2481
-0.153047 0.452044 0.878768 94.3035
0 0 0 1

