0.26204 0.965056 0.00137404 72.1311
-0.965057 0.262041 -4.69287e-06 31.8603
-0.000364703 -0.00132488 0.999999 14.9463
0 0 0 1

-0.62482 0.780407 -0.0237795 50.3517
0.767846 0.619711 0.16239 -37.5531
0.141466 0.0832053 -0.98644 20.4984
0 0 0 1

0.832679 0.553756 -0.000643253 -59.2321
-0.553755 0.832678 0.00149937 79.3624
0.00136594 -0.000892245 0.999999 14.926
0 0 0 1

0.82616 -0.563434 0.00081116 1.45541
-0.562796 -0.825154 0.0487979 52.4694
-0.0268251 -0.0407714 -0.998808 25.682
0 0 0 1

-0.495083 -0.868806 0.00830296 -130.741
0.868796 -0.49493 0.0154079 -50.1895
-0.00927707 0.0148417 0.999847 15.4075
0 0 0 1

0.195485 0.958543 -0.207317 -51.1066
0.576359 -0.283326 -0.76651 -37.9553
-0.793471 0.030352 -0.607851 31.6207
0 0 0 1

0.952325 -0.305085 -0.000101864 -12.8579
0.305085 0.952325 0.000214533 -114.316
3.15591e-05 -0.000235397 1 14.9569
0 0 0 1

0.569974 -0.723791 -0.388917 127.346
-0.821477 -0.491886 -0.288487 49.4518
0.0175013 0.483916 -0.874939 25.295
0 0 0 1

0.880869 -0.437437 0.180882 -82.5857
-0.472579 -0.790746 0.389089 -98.9479
-0.0271704 -0.428218 -0.903267 23.5688
0 0 0 1

0.0322311 0.8988 0.437172 60.1798
0.99914 -0.0403834 0.00936286 46.5954
0.0260699 0.436495 -0.899329 56.9799
0 0 0 1

0.0885705 -0.00035575 -0.99607 183.817
-0.0957093 0.99537 -0.00886596 -0.271558
0.991461 0.0961184 0.0881265 40.2331
0 0 0 1

0.759458 -0.609265 0.228078 114.445
0.632801 0.773192 -0.0416837 -105.262
-0.150952 0.175985 0.97275 21.034
0 0 0 1

0.89912 0.339705 0.276013 -72.3668
-0.319809 0.0793288 0.944155 -166.316
0.298839 -0.937181 0.179967 48.9332
0 0 0 1

-0.682646 -0.730693 -0.00900608 -135.363
-0.56389 0.518892 0.642479 80.5414
-0.464782 0.443665 -0.76625 36.3155
0 0 0 1

-0.326759 -0.941273 -0.0850533 112.733
0.664827 -0.292886 0.687184 110.295
-0.671739 0.167998 0.721487 36.0691
0 0 0 1

0.321965 -0.83266 -0.450574 138.21
0.872628 0.445597 -0.199912 -47.99
0.367232 -0.328819 0.870068 59.5891
0 0 0 1

-0.34087 0.74448 0.574071 -157.143
-0.863962 -0.488822 0.120925 5.13546
0.370645 -0.454756 0.809827 51.5387
0 0 0 1

0.876552 -0.481293 0.00365964 14.7525
0.438196 0.801162 0.407583 139.688
-0.199099 -0.355665 0.913161 25.6465
0 0 0 1

-0.264355 -0.24626 -0.932455 -167.726
-0.705828 0.708263 0.0130537 -53.6587
0.657209 0.661603 -0.36105 99.4984
0 0 0 1

-0.0786021 -0.97829 -0.191753 -90.6002
-0.985818 0.104885 -0.131007 18.4746
0.148274 0.178736 -0.97266 45.5429
0 0 0 1

