0.88326 0.446344 -0.143623 6.57662
0.440767 -0.685912 0.579008 59.1274
0.159924 -0.574719 -0.802572 22.3134
0 0 0 1

0.839709 -0.243952 0.485157 66.4669
0.4665 0.78138 -0.414516 48.1703
-0.27797 0.574398 0.769935 30.6893
0 0 0 1

0.995632 0.0838481 0.0410579 -5.45479
0.0515972 -0.860695 0.5065 -135.928
0.0778074 -0.502169 -0.861262 22.7242
0 0 0 1

0.916401 0.348299 0.197224 -11.5792
-0.376413 0.582374 0.720523 -66.6553
0.136099 -0.734526 0.664792 31.7118
0 0 0 1

0.000511765 0.999555 0.0298171 -4.01792
-0.72799 -0.0200698 0.685294 -16.2204
0.685587 -0.0220573 0.727656 30.3986
0 0 0 1

0.397421 0.860928 -0.317583 -120.216
0.917173 -0.36167 0.1673 14.8061
0.0291734 -0.357767 -0.933355 20.8575
0 0 0 1

0.949212 -0.00452971 0.314604 58.597
-0.199074 -0.782954 0.589366 24.9877
0.243651 -0.622063 -0.744091 62.4551
0 0 0 1

-0.018647 0.997886 0.0622586 -128.892
-0.970374 -0.00306019 -0.241586 -79.3177
-0.240885 -0.064919 0.96838 21.9023
0 0 0 1

-0.555487 -0.757937 0.342003 -66.4385
-0.680411 0.177883 -0.710914 -39.5252
0.477991 -0.627606 -0.61452 49.4294
0 0 0 1

0.632714 0.729876 -0.258753 98.7929
0.758547 -0.516916 0.396742 -65.5885
0.155819 -0.447301 -0.880706 24.0654
0 0 0 1

-0.991941 0.0742804 -0.102646 -60.6163
0.0103366 -0.759987 -0.649857 146.055
-0.126281 -0.64568 0.753094 38.7415
0 0 0 1

0.609496 -0.074231 -0.789306 -10.0787
-0.321449 -0.933234 -0.160453 0.714809
-0.724697 0.351517 -0.592664 72.2943
0 0 0 1

-0.0720321 -0.873405 0.481638 -131.602
-0.992401 0.11106 0.0529766 -34.9102
-0.0997607 -0.474161 -0.874768 60.5851
0 0 0 1

0.565276 -0.77671 0.27782 -87.8894
-0.767701 -0.372115 0.521696 -131.599
-0.301825 -0.508185 -0.806629 34.0583
0 0 0 1

-0.200508 0.759304 -0.619075 -125.979
0.943207 -0.0212278 -0.331525 92.2049
-0.26487 -0.65039 -0.711925 36.9308
0 0 0 1

-0.470126 0.863656 -0.18188 59.6499
0.698418 0.490029 0.521617 -26.5721
0.539625 0.118197 -0.833568 71.9428
0 0 0 1

0.597196 0.763884 0.24462 106.719
-0.600284 0.627923 -0.49535 -114.111
-0.531992 0.148979 0.83354 30.7238
0 0 0 1

0.999368 -0.0308774 -0.0176237 77.2383
-0.0355086 -0.891591 -0.451448 133.223
-0.00177354 0.451788 -0.892123 23.472
0 0 0 1

-0.694216 0.61808 -0.368838 129.928
0.616764 0.246669 -0.747501 -83.365
-0.371035 -0.746413 -0.552451 77.1661
0 0 0 1

0.922456 0.364965 0.126 -3.42505
-0.38589 0.882298 0.269516 -153.563
-0.0128059 -0.297239 0.954717 73.5408
0 0 0 1

