-0.937574 0.31765 -0.141608 -32.6203
0.284269 0.934519 0.214163 56.4909
0.200364 0.160539 -0.966479 20.4159
0 0 0 1

0.587238 -0.809413 -0.0014962 75.8463
0.809414 0.587236 0.00173862 -11.0043
-0.000528598 -0.00223205 0.999997 14.9552
0 0 0 1

0.483971 0.866455 -0.122588 116.324
0.838441 -0.499246 -0.218566 -100.978
-0.250579 0.00299666 -0.968091 21.5064
0 0 0 1

0.843623 0.506265 0.178877 77.648
-0.532554 0.831418 0.158525 71.7905
-0.0684658 -0.228997 0.971017 21.4362
0 0 0 1

0.651777 0.703355 -0.283687 -85.5601
0.757737 -0.619691 0.204494 -110.604
-0.0319667 -0.348245 -0.936858 22.3798
0 0 0 1

0.602986 -0.797751 0.000317484 -109.598
0.797751 0.602986 0.000525908 -6.55881
-0.000611002 -6.38698e-05 1 14.95
0 0 0 1

0.470134 0.803548 0.365082 -43.3944
-0.803591 0.560772 -0.19944 -29.7495
-0.364987 -0.199613 0.909362 26.0762
0 0 0 1

0.928557 0.365522 0.0646236 -5.44791
0.293437 -0.829463 0.475275 160.263
0.227326 -0.422357 -0.877461 20.7957
0 0 0 1

-0.400406 0.672976 -0.621915 137.308
0.916338 0.293568 -0.272292 -57.6429
-0.000671674 -0.678911 -0.73422 45.1384
0 0 0 1

0.827288 0.134168 -0.54552 144.199
-0.0797756 -0.933164 -0.350487 18.2732
-0.556084 0.333473 -0.761292 27.4425
0 0 0 1

-0.236485 -0.807511 -0.540371 -24.5757
-0.894778 0.397779 -0.202841 18.5239
0.378744 0.435543 -0.816612 52.5796
0 0 0 1

0.486861 -0.783995 -0.38512 -23.3945
-0.871252 -0.467335 -0.150059 -145.907
-0.0623346 0.408595 -0.910585 22.9366
0 0 0 1

-0.628971 0.77384 -0.074618 77.7495
-0.772399 -0.632917 -0.0530707 -11.1229
-0.0882952 0.024255 0.995799 40.7518
0 0 0 1

0.0553443 0.671073 -0.739322 -1.49496
0.841302 -0.430116 -0.327432 32.2127
-0.537726 -0.603872 -0.58838 64.9325
0 0 0 1

0.133922 -0.712294 -0.688987 2.47541
-0.952518 0.0993219 -0.287828 -87.0015
0.273449 0.694819 -0.665171 34.9728
0 0 0 1

0.438315 0.28931 -0.850988 -159.131
0.274944 -0.944555 -0.179505 -66.7163
-0.855737 -0.155295 -0.493556 40.5966
0 0 0 1

0.339861 -0.809393 -0.478933 44.0645
-0.940462 -0.295232 -0.168432 64.6529
-0.0050684 0.507662 -0.861541 62.0237
0 0 0 1

0.735419 0.311993 0.601514 78.8888
0.432499 -0.899484 -0.0622353 -91.7549
0.521636 0.305923 -0.796434 56.0982
0 0 0 1

-0.333532 0.873568 0.354451 51.5683
-0.941754 -0.291555 -0.167615 -17.0205
-0.043081 -0.38971 0.919929 83.454
0 0 0 1

-0.194966 -0.962212 -0.190095 29.9948
-0.510178 -0.0660399 0.85753 -148.966
-0.837679 0.264172 -0.478024 61.0074
0 0 0 1

