0.939833 0.339579 -0.0374126 10.6029
0.341412 -0.929633 0.138637 -23.7314
0.012298 -0.143068 -0.989636 16.8364
0 0 0 1

0.932238 0.27759 -0.232111 99.5051
0.246623 -0.956832 -0.153786 -59.487
-0.264781 0.0861215 -0.960455 21.1328
0 0 0 1

-0.714115 0.591868 0.373809 -54.887
0.616175 0.784873 -0.0655971 23.7861
-0.332217 0.183488 -0.925183 19.3176
0 0 0 1

0.835136 -0.549005 0.0337752 82.3667
0.525575 0.814591 0.245383 33.2205
-0.16223 -0.187177 0.968837 21.6067
0 0 0 1

0.84691 0.320598 0.424217 -121.836
0.330815 -0.94228 0.051677 -15.5305
0.416299 0.0965716 -0.904085 19.8297
0 0 0 1

-0.0297571 0.670076 0.741696 152.88
0.100015 0.740297 -0.664799 -100.483
-0.994541 0.0543983 -0.0890469 45.4822
0 0 0 1

0.020963 -0.865382 0.500674 -65.6775
0.892314 -0.209673 -0.399766 -71.2141
0.450928 0.455139 0.767797 33.1091
0 0 0 1

0.37887 0.899822 -0.216281 64.8094
-0.922992 0.350378 -0.159125 1.93141
-0.0674043 0.259913 0.963277 55.8057
0 0 0 1

0.507548 -0.859991 -0.0530119 -138.098
0.821408 0.464364 0.331142 71.5009
-0.260162 -0.211615 0.942091 25.6406
0 0 0 1

0.939328 -0.34302 -0.000261754 41.0217
0.34302 0.939326 0.0017025 -148.088
-0.000338122 -0.00168904 0.999999 14.9642
0 0 0 1

0.941475 0.176901 0.286933 3.38088
-0.05173 0.916967 -0.395596 153.916
-0.33309 0.3576 0.872452 28.5118
0 0 0 1

-0.0819509 0.89091 -0.446725 -75.9167
0.987372 0.011601 -0.157996 119.01
-0.135578 -0.454031 -0.88061 26.4971
0 0 0 1

-0.920391 -0.390971 -0.00474711 24.8496
-0.362553 0.857912 -0.364064 70.2829
0.146411 -0.33336 -0.931362 22.4989
0 0 0 1

-0.792038 0.426352 0.436921 23.9713
0.180932 0.847498 -0.499009 -128.35
-0.583043 -0.316181 -0.748392 46.2548
0 0 0 1

0.228005 -0.867767 0.441581 157.091
0.899857 0.36101 0.244803 -0.871394
-0.371847 0.341543 0.863179 29.0057
0 0 0 1

0.936374 -0.0442977 -0.348196 -11.7619
-0.1401 -0.956726 -0.255044 -58.8626
-0.32183 0.287599 -0.90206 48.2252
0 0 0 1

-0.996456 0.0620041 -0.0568352 -72.6769
-0.0763183 -0.950553 0.301038 18.9835
-0.0353593 0.304309 0.951917 56.4994
0 0 0 1

-0.421705 0.855192 0.301349 10.856
0.90171 0.430466 0.0402333 24.0548
-0.0953133 0.288696 -0.952665 75.3356
0 0 0 1

0.873214 0.274307 0.402807 13.6182
0.244065 0.46927 -0.848657 -86.337
-0.421817 0.83937 0.342824 101.6
0 0 0 1

0.640988 0.387415 -0.662604 34.5204
-0.653453 0.728312 -0.206302 15.5882
0.402658 0.565218 0.719997 126.171
0 0 0 1

