0.896024 0.390908 0.210554 53.9297
0.420399 -0.899494 -0.119062 -145.661
0.142849 0.195199 -0.970305 21.0997
0 0 0 1

-0.0240551 -0.999709 -0.00180414 39.8702
0.99971 -0.0240561 0.000470356 -31.2634
-0.000513719 -0.00179219 0.999998 14.9595
0 0 0 1

0.0724181 -0.912926 -0.401648 -61.7098
-0.91267 0.10175 -0.395829 -48.7259
0.40223 0.395238 -0.825832 21.033
0 0 0 1

-0.573181 -0.775339 0.265165 -102.015
0.790052 -0.608767 -0.0722524 114.037
0.217444 0.16808 0.961492 22.4664
0 0 0 1

-0.150511 -0.915622 -0.372804 -4.53313
0.899424 -0.283348 0.332791 -7.34214
-0.410344 -0.285221 0.866179 29.1206
0 0 0 1

-0.547132 -0.553977 0.6275 92.5868
0.501653 0.3831 0.775615 157.819
-0.670068 0.739151 0.068298 50.3326
0 0 0 1

0.717765 0.517917 -0.465377 61.2872
0.68435 -0.647967 0.334372 105.451
-0.128372 -0.558481 -0.819524 32.7941
0 0 0 1

-0.885837 0.463977 0.00420813 28.9608
-0.461323 -0.879727 -0.115153 142.429
-0.0497262 -0.103948 0.993339 17.2855
0 0 0 1

-0.85972 0.192222 -0.473216 -14.8301
-0.271195 -0.956889 0.104005 63.2443
-0.432823 0.217749 0.874786 27.3625
0 0 0 1

0.822972 -0.0753471 0.563063 99.8239
-0.0644209 0.972393 0.22428 -19.8427
-0.564417 -0.220849 0.795399 31.0305
0 0 0 1

0.982258 -0.187535 0.000695303 142.644
-0.187536 -0.982258 0.000678225 56.879
0.000555768 -0.000796599 -1 18.3073
0 0 0 1

0.529674 0.331763 0.780627 66.3071
0.462988 -0.884219 0.0616408 -80.246
0.710695 0.328771 -0.62195 58.3812
0 0 0 1

0.529726 -0.692132 -0.490248 -1.1365
0.821006 0.563538 0.0915163 -140.299
0.212932 -0.450975 0.866765 32.1582
0 0 0 1

0.224295 -0.642233 -0.732959 -100.241
-0.136749 0.723938 -0.676175 -151.898
0.964879 0.251894 0.0745512 50.362
0 0 0 1

0.272372 -0.71176 0.647465 -58.7201
-0.95619 -0.125181 0.264632 -128.078
-0.107304 -0.691178 -0.714674 33.6689
0 0 0 1

0.610551 0.551763 0.568142 27.8552
0.602744 -0.789073 0.118588 -74.3194
0.513738 0.27004 -0.814341 63.4629
0 0 0 1

0.452011 0.640188 -0.621165 -44.7809
-0.808232 0.588575 0.0184631 65.901
0.377422 0.4937 0.783463 44.4395
0 0 0 1

-0.632638 0.586826 -0.505376 -144.36
-0.568558 -0.795013 -0.211413 -71.6347
-0.525843 0.153588 0.8366 33.1479
0 0 0 1

-0.241069 0.953668 -0.180008 93.0371
0.970504 0.23631 -0.0477565 57.6123
-0.00300621 -0.186211 -0.982505 48.7268
0 0 0 1

-0.796556 0.22839 0.559765 4.94629
-0.553155 -0.648962 -0.522367 154.799
0.243963 -0.725732 0.64327 79.515
0 0 0 1

