-0.116801 -0.958446 -0.260268 46.3709
-0.98343 0.148199 -0.104412 64.1476
0.138645 0.24376 -0.959874 21.1718
0 0 0 1

0.946504 0.212019 0.243264 28.6695
0.0541531 -0.847533 0.527973 -2.76346
0.318115 -0.486555 -0.813675 26.6736
0 0 0 1

0.299763 0.954014 0.000265539 -95.2675
0.954011 -0.299762 -0.00232072 97.8177
-0.00213443 0.000949012 -0.999997 18.2983
0 0 0 1

-0.722074 0.531074 -0.443362 -53.0293
0.654813 0.731438 -0.190308 -124.994
0.223224 -0.427736 -0.875907 23.3088
0 0 0 1

-0.276699 -0.959844 -0.0462292 33.1745
-0.837644 0.26449 -0.47791 138.92
0.470946 -0.0935135 -0.877192 20.9317
0 0 0 1

-0.718167 -0.635109 0.284382 133.086
-0.469732 0.743966 0.475253 92.5376
-0.513408 0.207728 -0.832623 31.3063
0 0 0 1

-0.253561 -0.85114 -0.459638 -112.653
0.967314 -0.221518 -0.123423 -32.667
0.00323252 -0.47591 0.879488 25.2474
0 0 0 1

0.985905 0.165171 -0.0266485 114.629
0.151081 -0.810498 0.565921 29.6308
0.0718754 -0.561971 -0.824028 26.538
0 0 0 1

0.769795 -0.529948 -0.355768 -59.7582
0.580028 0.813442 0.0433451 6.08315
0.266426 -0.239722 0.933569 24.2704
0 0 0 1

0.873036 0.395691 0.285022 100.431
0.366708 -0.917973 0.151162 -116.853
0.321456 -0.0274495 -0.946527 22.1843
0 0 0 1

-0.913262 0.35194 -0.20516 16.7711
-0.297504 -0.920235 -0.254283 -71.3335
-0.278287 -0.171191 0.945119 25.5189
0 0 0 1

0.814691 0.530259 0.234741 -19.9999
0.579724 -0.754565 -0.307493 -81.2931
0.0140769 0.386597 -0.922141 49.6279
0 0 0 1

-0.850162 -0.322649 -0.416079 5.33175
-0.401643 0.908388 0.116254 -153.104
0.340451 0.26595 -0.901867 28.5226
0 0 0 1

0.887559 0.458208 0.0477909 -39.6001
-0.457358 0.88884 -0.0280539 3.19579
-0.055333 0.00304196 0.998463 56.4593
0 0 0 1

-0.438156 0.871804 0.219039 115.952
-0.624994 -0.470598 0.622832 -55.1726
0.646067 0.135999 0.751067 35.4214
0 0 0 1

0.673361 -0.597446 0.435481 -153.718
-0.737462 -0.50112 0.4528 -23.9988
-0.0522952 -0.626048 -0.778029 41.4485
0 0 0 1

0.323369 0.862402 -0.389481 -151.852
-0.825141 0.0554974 -0.562195 -62.0137
-0.463223 0.503173 0.729549 55.6125
0 0 0 1

0.974743 -0.186652 -0.122622 -0.999642
0.212017 0.94593 0.245491 43.1459
0.0701705 -0.265289 0.961612 83.4736
0 0 0 1

0.376525 -0.738029 0.559948 79.4819
0.926308 0.29111 -0.239184 2.12177
0.0135181 0.608743 0.793252 62.986
0 0 0 1

-0.135324 0.895646 0.423681 -100.798
-0.962127 -0.220918 0.159709 -116.798
0.236642 -0.386023 0.891621 80.1354
0 0 0 1

