0.235687 -0.950337 0.203253 -109.691
-0.970668 -0.240421 0.00144021 -1.73699
0.0474975 -0.19763 -0.979125 19.0188
0 0 0 1

0.982009 0.188833 0.000788875 97.7596
-0.188833 0.982009 1.24733e-05 117.222
-0.000772328 -0.000161247 1 14.9585
0 0 0 1

-0.711951 -0.701436 0.0333669 33.4513
-0.679208 0.699901 0.220941 -134.132
-0.178329 0.134636 -0.974716 18.6724
0 0 0 1

0.937232 -0.348649 0.00626293 -67.0233
0.348668 0.937244 -0.00219099 138.338
-0.00510599 0.00423716 0.999978 15.0989
0 0 0 1

0.841344 0.538325 0.0484353 88.9241
0.532661 -0.810602 -0.243302 -54.0889
-0.0917139 0.230501 -0.96874 21.2045
0 0 0 1

0.979281 0.123295 0.160643 115.692
-0.0511408 0.918145 -0.39293 58.2592
-0.19594 0.376574 0.905428 28.3223
0 0 0 1

0.378688 -0.673772 0.634528 17.6845
-0.525004 -0.720993 -0.452261 -64.4484
0.762211 -0.161864 -0.626765 26.6732
0 0 0 1

-0.091859 -0.158294 0.98311 175.253
-0.995751 0.0210206 -0.0896556 26.6197
-0.00647367 -0.987168 -0.159552 38.7172
0 0 0 1

0.979522 -0.0741762 -0.187175 2.68214
-0.192376 -0.0705527 -0.978782 37.4689
0.0593967 0.994746 -0.0833777 36.3467
0 0 0 1

-0.264691 0.914966 -0.30459 -11.2741
0.94582 0.184726 -0.267024 148.836
-0.188052 -0.358766 -0.914289 25.5101
0 0 0 1

0.346061 0.904049 0.250873 12.7844
-0.778707 0.127622 0.61427 82.577
0.523314 -0.407931 0.748154 33.0835
0 0 0 1

-0.515757 0.841823 0.159148 3.4533
0.69893 0.306004 0.646419 49.4607
0.495471 0.444629 -0.7462 91.5671
0 0 0 1

-0.500296 0.860197 0.0988146 -138.18
0.809694 0.505222 -0.298575 65.3333
-0.306757 -0.0693664 -0.949257 21.9131
0 0 0 1

0.703153 -0.580081 0.411196 -54.477
-0.604417 -0.792223 -0.0840382 -110.028
0.374508 -0.189442 -0.907665 27.1142
0 0 0 1

0.742778 0.528518 -0.411034 -131.584
0.669076 -0.608725 0.42637 -75.0397
-0.024862 -0.591711 -0.805767 27.5218
0 0 0 1

-0.668606 0.724489 -0.167575 46.9932
-0.159004 0.0808518 0.983962 3.71564
0.726418 0.684528 0.0611389 47.1103
0 0 0 1

0.438581 0.87503 -0.204864 -116.542
0.850218 -0.330145 0.410041 -99.2295
0.291163 -0.354015 -0.888762 46.705
0 0 0 1

0.150545 0.784148 0.602036 123.302
0.946517 0.0614671 -0.316746 -18.0864
-0.285381 0.617522 -0.732956 53.8688
0 0 0 1

-0.936114 -0.153996 0.316189 -40.0526
0.214735 0.461736 0.860633 -31.7149
-0.27853 0.873547 -0.399169 47.3077
0 0 0 1

0.625651 0.743588 -0.235877 44.9755
-0.660218 0.343655 -0.667842 -21.5663
-0.41554 0.573566 0.705938 93.9379
0 0 0 1

