-0.630151 0.733626 0.254366 112.309
0.657087 0.678376 -0.328699 -33.1575
-0.413698 -0.0399896 -0.909535 22.8873
0 0 0 1

-0.691706 -0.722103 -0.0104597 81.8394
-0.722166 0.691534 0.0160099 98.7887
-0.00432754 0.0186277 -0.999817 18.5031
0 0 0 1

0.63019 0.77644 -0.000929505 -37.8129
-0.776441 0.630189 -0.000895425 33.5009
-0.000109498 0.00128594 0.999999 14.9531
0 0 0 1

0.792402 0.0707348 -0.605884 -46.7162
-0.0807968 -0.972332 -0.219186 -68.8832
-0.604625 0.222637 -0.764763 23.7171
0 0 0 1

0.537344 0.843362 -0.00151408 7.40376
-0.843363 0.53734 -0.00232826 152.007
-0.00114999 0.00252798 0.999996 14.9043
0 0 0 1

-0.277488 -0.956782 -0.0870025 13.3367
-0.866912 0.288393 -0.406562 -49.7253
0.414082 -0.0373924 -0.909471 21.887
0 0 0 1

0.994865 -0.101207 -0.000190314 -88.7227
0.101207 0.994865 1.00891e-05 125.613
0.000188322 -2.9282e-05 1 14.9733
0 0 0 1

-0.132931 0.527683 0.838975 169.342
-0.760689 -0.596958 0.254936 -7.08656
0.635359 -0.604311 0.480757 39.9032
0 0 0 1

0.859198 0.501546 0.101144 79.4054
0.501831 -0.86462 0.0244556 -124.283
0.0997163 0.0297448 -0.994571 19.6867
0 0 0 1

0.581779 0.769758 -0.262689 62.1088
-0.767765 0.41314 -0.489747 37.4783
-0.268459 0.486608 0.83135 29.719
0 0 0 1

0.226494 0.955182 -0.190595 -150.743
0.973851 -0.218517 0.0621596 38.2162
0.0177254 -0.19969 -0.979699 19.6577
0 0 0 1

0.691052 -0.639125 -0.337588 -7.17619
-0.701933 -0.704832 -0.102482 -1.47414
-0.172444 0.307784 -0.935699 40.8442
0 0 0 1

-0.278806 -0.958615 -0.0576549 -20.0517
-0.84091 0.272687 -0.467452 -159.847
0.463828 -0.0818459 -0.882136 20.2485
0 0 0 1

0.604526 0.620837 0.499108 -64.1401
0.742114 -0.666649 -0.0696182 63.9357
0.289508 0.412481 -0.863739 36.1104
0 0 0 1

0.209741 -0.425583 0.880277 -161.946
0.375439 0.866341 0.32939 -71.3733
-0.902803 0.261404 0.341488 40.6042
0 0 0 1

0.494333 0.533528 -0.686282 -2.66061
0.847827 -0.121636 0.516134 118.169
0.191895 -0.83699 -0.512468 57.1608
0 0 0 1

0.898659 0.216956 0.381237 98.3888
0.315895 -0.923099 -0.219314 -26.7354
0.304338 0.31752 -0.898087 46.936
0 0 0 1

0.921985 -0.0367931 0.385474 73.9419
-0.380979 -0.264278 0.886009 166.393
0.0692734 -0.963744 -0.257678 70.0089
0 0 0 1

-0.444549 0.895392 -0.0254765 56.4741
-0.833338 -0.423836 -0.354837 40.1321
-0.328517 -0.136512 0.934581 67.7673
0 0 0 1

0.5706 0.770544 0.284037 48.6001
0.188534 -0.459541 0.867915 1.76621
0.799294 -0.441682 -0.407488 87.2993
0 0 0 1

