0.433355 -0.826958 0.358251 -24.7864
0.866501 0.491602 0.0866211 -9.07173
-0.247749 0.272887 0.929598 18.073
0 0 0 1

-0.840342 0.542057 0.000114948 -28.7309
-0.542057 -0.840342 0.000199036 121.13
0.00020448 0.000104867 1 14.9718
0 0 0 1

-0.76681 0.641848 0.00579545 42.9874
-0.64088 -0.766093 0.04872 43.0939
0.0357107 0.0336448 0.998796 16.1874
0 0 0 1

-0.905729 0.423851 -0.00226912 124.301
0.42384 0.905727 0.00422113 90.7286
0.00384431 0.00286142 -0.999988 18.3549
0 0 0 1

-0.852139 -0.341168 0.396817 43.8886
0.205839 -0.915668 -0.345229 -51.2101
0.481134 -0.212502 0.850502 27.9125
0 0 0 1

0.995706 -0.0485686 -0.0788064 49.4653
0.0726171 0.937781 0.339548 148.792
0.0574118 -0.343813 0.937282 24.1004
0 0 0 1

-0.517654 -0.855059 -0.0301428 -72.1556
-0.801162 0.496787 -0.333679 -139.93
0.30029 -0.148581 -0.942205 21.9788
0 0 0 1

0.482835 0.782183 -0.393776 -151.989
0.489725 -0.613955 -0.619055 -37.8605
-0.725975 0.10606 -0.679494 25.2668
0 0 0 1

-0.201035 0.973652 -0.10764 130.385
0.954701 0.219352 0.201074 -35.7311
0.219387 -0.0623408 -0.973644 21.2078
0 0 0 1

0.13082 -0.804949 0.578742 -36.949
-0.90129 -0.339739 -0.268801 -77.1005
0.412992 -0.48645 -0.769937 38.6336
0 0 0 1

-0.275944 0.957748 0.081076 -120.649
0.959944 0.278874 -0.0271302 37.9136
-0.0485938 0.0703422 -0.996339 18.8437
0 0 0 1

0.763361 0.645538 0.0236764 -2.42576
0.617612 -0.718616 -0.319603 23.3386
-0.189302 0.258595 -0.947256 37.7931
0 0 0 1

0.690793 0.0618213 0.720405 -63.5565
0.391134 -0.869926 -0.300404 -67.8549
0.608128 0.489292 -0.625119 52.0746
0 0 0 1

0.45869 0.7567 -0.465842 -79.836
-0.882766 0.447996 -0.141502 132.626
0.101621 0.476136 0.87348 32.7593
0 0 0 1

-0.780655 -0.581157 -0.229859 -154.107
-0.544318 0.812979 -0.206842 8.5319
0.307078 -0.0363563 -0.95099 52.2414
0 0 0 1

-0.912205 0.408546 -0.0311946 148.071
0.409705 0.908574 -0.0814524 28.8371
-0.0049344 -0.0870819 -0.996189 45.3619
0 0 0 1

0.909765 -0.176742 -0.37562 -55.1621
0.159238 0.9842 -0.0774197 73.7741
0.383369 0.0106208 0.923534 56.6517
0 0 0 1

-0.716646 0.50668 0.479265 136.331
0.207026 0.810751 -0.547561 -61.8086
-0.666002 -0.293187 -0.685917 73.3542
0 0 0 1

0.0802253 0.976624 0.199421 120.725
-0.933854 0.00368477 0.357635 100.348
0.348541 -0.214922 0.91232 59.1661
0 0 0 1

0.459456 -0.819617 0.342239 111.8
-0.874625 -0.484609 0.01361 -108.93
0.154697 -0.305584 -0.939514 37.5944
0 0 0 1

