0.847785 0.529251 -0.0339608 -111.483
-0.530019 0.84776 -0.0195654 9.48882
0.0184355 0.0345872 0.999232 15.497
0 0 0 1

0.74599 -0.580276 0.32677 107.519
-0.569964 -0.810102 -0.137392 -51.1061
0.344443 -0.083754 -0.935064 22.4528
0 0 0 1

-0.644274 0.764793 0.00158563 70.3727
-0.764795 -0.644271 -0.00204734 95.6221
-0.000544283 -0.0025318 0.999997 14.9667
0 0 0 1

0.822568 0.106414 -0.558622 51.7538
-0.152556 0.987621 -0.0365016 -81.1482
0.547822 0.115246 0.828619 29.2205
0 0 0 1

-0.765201 -0.636283 0.0980359 -75.5921
-0.642549 0.764274 -0.0549243 -126.701
-0.0399789 -0.105021 -0.993666 18.7427
0 0 0 1

0.0734714 -0.96529 0.250632 152.48
-0.996892 -0.063925 0.046031 24.0148
-0.0284116 -0.253236 -0.966987 19.598
0 0 0 1

-0.217947 0.972538 -0.0816652 24.6505
-0.925692 -0.232505 -0.298389 42.1996
-0.309182 0.010564 0.950944 23.1137
0 0 0 1

-0.412305 -0.888446 -0.201662 -9.43183
0.908371 -0.417847 -0.0163219 121.142
-0.0697628 -0.189914 0.979319 20.4352
0 0 0 1

-0.858942 0.457672 0.229685 -34.657
-0.386103 -0.873472 0.296598 -45.5288
0.336368 0.166079 0.92697 23.9577
0 0 0 1

0.382747 0.880845 0.278597 6.58861
-0.250809 -0.191162 0.948974 177.531
0.889156 -0.433092 0.147757 34.9615
0 0 0 1

0.908387 0.0870919 -0.40896 -123.789
-0.0213941 0.986467 0.162557 -83.7616
0.417583 -0.138915 0.897957 32.0832
0 0 0 1

-0.563539 -0.67412 0.477478 -148.486
-0.76599 0.642843 0.00353483 -20.9248
-0.309326 -0.363752 -0.878636 34.4248
0 0 0 1

0.507327 0.464423 -0.725899 -133.102
0.803195 0.0503807 0.593582 118.44
0.312244 -0.884179 -0.347463 44.0143
0 0 0 1

-0.720741 -0.259687 -0.642724 -101.565
-0.653296 0.564511 0.504511 98.0306
0.23181 0.783511 -0.576519 41.0238
0 0 0 1

0.445615 0.872782 0.199196 16.3668
-0.509848 0.064527 0.857841 -30.0283
0.735855 -0.483827 0.47374 45.038
0 0 0 1

0.116057 -0.992047 -0.0487266 77.8905
-0.814802 -0.123147 0.566509 24.5148
-0.568003 -0.0260449 -0.822614 42.728
0 0 0 1

0.102121 0.950135 -0.294642 28.6295
0.847122 0.072212 0.52647 129.701
0.521494 -0.303361 -0.797506 59.1537
0 0 0 1

0.971401 0.0321419 0.23526 1.94201
-0.216044 0.530719 0.81955 -166.032
-0.0985149 -0.846938 0.522485 37.6236
0 0 0 1

0.963794 0.136666 -0.228963 39.9673
-0.0641162 -0.714698 -0.696488 -154.468
-0.258825 0.685951 -0.680059 56.6203
0 0 0 1

0.900351 -0.431911 -0.0531124 -56.2527
0.426602 0.900129 -0.0881969 -67.3057
0.0859013 0.0567503 0.994686 63.0155
0 0 0 1

