0.999914 -0.00505062 -0.012106 1.74189
0.00521996 0.999888 0.0139981 -2.09195
0.0120339 -0.0140601 0.999829 14.8252
0 0 0 1

-0.652909 -0.725004 -0.219268 -34.4951
-0.721661 0.507517 0.470778 155.263
-0.230034 0.465612 -0.85457 22.2766
0 0 0 1

-0.972176 -0.234248 -0.00124312 -92.6628
0.234248 -0.972122 -0.0103462 15.5184
0.00121509 -0.0103494 0.999946 15.1211
0 0 0 1

0.874073 -0.456306 0.166677 85.7341
0.429039 0.886029 0.175723 -14.2498
-0.227864 -0.0820834 0.970227 21.4676
0 0 0 1

0.873238 0.475904 -0.104736 53.3316
0.485568 -0.831739 0.269135 135.926
0.0409697 -0.285876 -0.957391 20.3422
0 0 0 1

0.522177 -0.808216 -0.272247 -1.34965
0.822503 0.561636 -0.0897388 73.1788
0.225432 -0.177065 0.958034 32.7486
0 0 0 1

-0.860253 0.509865 0.00103575 19.9655
-0.422836 -0.714548 0.557342 -155.692
0.28491 0.479018 0.830282 28.6085
0 0 0 1

-0.872757 -0.48725 -0.029708 117.361
0.487395 -0.86639 -0.108694 67.9103
0.0272222 -0.109343 0.993631 18.0388
0 0 0 1

-0.759864 -0.570359 0.311924 74.9431
-0.559058 0.818197 0.134194 121.744
-0.331754 -0.0724145 -0.940583 47.3837
0 0 0 1

-0.415252 -0.898598 -0.141728 -37.7762
0.892524 -0.372297 -0.25455 -76.8766
0.175973 -0.232198 0.956618 22.9327
0 0 0 1

0.81222 0.567389 -0.135527 116.413
0.571012 -0.725756 0.383698 -97.2191
0.119346 -0.389034 -0.91346 22.4796
0 0 0 1

0.439741 -0.639295 -0.630816 -77.8743
0.76111 -0.107617 0.639632 88.8789
-0.476801 -0.761393 0.439251 46.073
0 0 0 1

0.667034 -0.170645 0.725221 71.9126
0.701568 0.471467 -0.534342 18.8955
-0.250735 0.865216 0.434204 63.4945
0 0 0 1

-0.868437 -0.282921 0.407152 -82.1153
0.0927921 -0.89944 -0.427079 11.3423
0.487038 -0.333111 0.80736 55.1453
0 0 0 1

-0.989312 0.104058 0.102144 -6.69089
0.138266 0.891921 0.430534 19.0854
-0.0463041 0.440056 -0.896776 55.2049
0 0 0 1

0.0185265 -0.998615 0.049233 -125.525
-0.709703 0.02155 0.704172 -50.0231
-0.704258 -0.0479867 -0.708321 32.3781
0 0 0 1

-0.820096 0.521479 0.235587 -99.3922
0.57178 0.730547 0.37332 -118.422
0.0225714 0.440862 -0.897291 25.5043
0 0 0 1

-0.926808 0.245362 0.284297 18.2941
0.215608 0.967501 -0.132118 135.3
-0.307474 -0.0611511 -0.949589 61.95
0 0 0 1

-0.100224 0.340584 -0.934857 15.1855
0.36949 0.885138 0.282858 -78.4831
0.923814 -0.317071 -0.214555 47.7075
0 0 0 1

0.811255 0.526149 -0.255016 -63.4987
0.51868 -0.848925 -0.101478 -66.9785
-0.269882 -0.0499469 -0.961597 60.5997
0 0 0 1

