0.290723 -0.950098 0.113114 107.137
-0.956468 -0.285435 0.0607906 70.1962
-0.0254704 -0.125863 -0.991721 19.6969
0 0 0 1

-0.0267884 -0.999623 -0.00594446 -34.6482
-0.979707 0.0250721 0.198859 -133.597
-0.198635 0.011151 -0.98001 19.9976
0 0 0 1

-0.483071 -0.870955 -0.0898881 -35.6156
-0.859685 0.452321 0.237376 87.0126
-0.166086 0.191945 -0.96725 19.974
0 0 0 1

-0.982501 0.106609 -0.152731 33.2135
0.177061 0.789083 -0.588216 -90.8326
0.0578084 -0.604965 -0.794151 24.1404
0 0 0 1

0.786043 -0.58606 0.196648 33.8189
-0.614408 -0.775727 0.144055 28.5859
0.0681207 -0.234056 -0.969834 20.1105
0 0 0 1

0.434428 -0.778389 0.453192 -93.0978
0.814913 0.553987 0.170339 10.9108
-0.383652 0.295312 0.874987 27.6853
0 0 0 1

0.886452 0.0267901 0.462045 159.917
0.0370943 -0.999224 -0.0132304 -14.797
0.461332 0.0288674 -0.886758 21.4158
0 0 0 1

-0.0359646 -0.638127 0.769091 -161.36
-0.825231 -0.415095 -0.383001 -11.3633
0.563649 -0.648452 -0.511673 35.379
0 0 0 1

-0.980097 -0.163239 -0.112972 -132.575
-0.196686 0.875619 0.441142 -71.9123
0.0269091 0.454582 -0.890298 24.3558
0 0 0 1

0.754486 0.629335 0.186247 76.4052
-0.3948 0.661889 -0.637209 -24.4262
-0.524293 0.407235 0.747848 33.7044
0 0 0 1

-0.887383 0.0737317 0.455099 -9.03213
0.0458626 0.99635 -0.071995 -27.9142
-0.458746 -0.0430151 -0.887525 25.1795
0 0 0 1

0.989835 -0.131065 -0.0552224 70.1343
-0.122823 -0.983514 0.132718 80.7562
-0.0717067 -0.124586 -0.989614 51.605
0 0 0 1

0.708678 -0.705259 0.0196082 -46.9851
0.669462 0.663415 -0.334219 55.6387
0.222703 0.24998 0.942291 42.476
0 0 0 1

-0.92731 0.373836 0.0184989 -43.031
-0.358456 -0.872765 -0.331345 43.2032
-0.107724 -0.313891 0.943328 64.794
0 0 0 1

0.337735 0.927123 -0.16241 -103.021
-0.936789 0.314333 -0.15369 -116.696
-0.0914388 0.204051 0.974681 44.5399
0 0 0 1

-0.374554 0.78032 0.500809 -64.0647
-0.923186 -0.364087 -0.123159 -38.4491
0.0862343 -0.508469 0.856751 68.0466
0 0 0 1

-0.814653 0.49441 0.303149 10.4239
0.548069 0.82724 0.12367 -20.8943
-0.189633 0.266895 -0.944884 72.9661
0 0 0 1

0.330763 -0.835566 -0.438663 124.367
0.9192 0.390508 -0.0507414 -88.7605
0.2137 -0.386436 0.897218 30.7774
0 0 0 1

0.0389473 0.991488 0.12424 -17.9908
-0.807688 0.104441 -0.580287 -158.952
-0.588323 -0.0777463 0.80488 51.2312
0 0 0 1

0.6525 0.363933 -0.664678 -112.765
-0.492703 0.870167 -0.00723085 110.283
0.57575 0.332207 0.747095 39.4992
0 0 0 1

