0.0610167 0.998129 0.00379804 -1.0961
0.807443 -0.0515961 0.587685 7.06392
0.586782 -0.032792 -0.809081 22.2267
0 0 0 1

0.0413717 -0.998601 0.0329225 144.955
0.995987 0.0386015 -0.0807401 16.275
0.0793564 0.0361307 0.996191 17.2914
0 0 0 1

0.795055 0.591349 -0.134883 -79.2424
0.550622 -0.79695 -0.248366 -134.361
-0.254366 0.123195 -0.959229 20.9797
0 0 0 1

0.889727 0.445099 0.101359 76.3415
0.455873 -0.854758 -0.248131 -136.484
-0.0238051 0.266975 -0.963409 20.6619
0 0 0 1

0.97203 -0.234855 -0.000128441 110.036
0.234855 0.97203 -0.000545784 105.782
0.000253039 0.000500364 1 14.9665
0 0 0 1

0.841113 -0.538954 -0.045368 -3.22813
-0.539033 -0.828429 -0.152149 -79.5161
0.0444169 0.152429 -0.987316 18.9141
0 0 0 1

0.0820675 -0.972489 -0.218012 87.3816
0.989351 0.0531112 0.135513 -49.5762
-0.120206 -0.226812 0.966492 28.2714
0 0 0 1

0.229122 -0.927429 -0.295599 -43.2726
0.378067 -0.195048 0.904998 52.8862
-0.896977 -0.319111 0.30594 42.9591
0 0 0 1

-0.627239 -0.776167 0.0643058 -142.015
0.718859 -0.545196 0.43128 -58.0199
-0.299686 0.316743 0.899923 26.755
0 0 0 1

0.0138078 -0.581507 0.813424 148.525
-0.746822 -0.546931 -0.378317 -92.8643
0.664881 -0.602259 -0.441834 44.4883
0 0 0 1

-0.61249 -0.0252659 0.790074 87.1283
0.204322 0.960463 0.189111 42.432
-0.763615 0.277258 -0.583112 37.5059
0 0 0 1

-0.998481 -0.0392973 0.0386186 -145.13
0.0470928 -0.972532 0.227956 20.1232
0.0285998 0.229429 0.972905 21.2269
0 0 0 1

0.294639 -0.947821 -0.121753 -73.7533
-0.924602 -0.250563 -0.286932 -85.536
0.241453 0.197115 -0.950182 41.7418
0 0 0 1

0.794767 -0.603348 0.0656984 10.1432
0.525861 0.738625 0.421784 -81.609
-0.303009 -0.300672 0.904313 55.9474
0 0 0 1

-0.428181 0.899568 0.0862468 -3.24625
-0.174711 -0.17604 0.968755 -180.599
0.886644 0.399734 0.232542 42.7852
0 0 0 1

-0.49619 -0.863244 -0.0927627 -66.6505
0.69678 -0.332193 -0.635724 -16.1258
0.51797 -0.380075 0.766322 39.804
0 0 0 1

-0.736043 -0.556938 -0.384787 153.444
0.141412 0.429381 -0.891984 -3.11894
0.661999 -0.710952 -0.237285 79.8832
0 0 0 1

0.756675 -0.490424 -0.432351 -37.125
-0.397536 0.17988 -0.899783 -62.4273
0.519046 0.852718 -0.0588508 96.3901
0 0 0 1

0.631291 0.745985 0.212082 52.2955
0.741673 -0.660642 0.116075 -10.2968
0.226701 0.0840184 -0.970334 50.7353
0 0 0 1

0.757891 -0.652379 -0.00188348 0.0687301
-0.630775 -0.733524 0.25311 -3.41093
-0.166505 -0.190642 -0.967436 72.1104
0 0 0 1

