0.767723 0.582894 -0.266149 -56.3031
0.607581 -0.794146 0.0133424 7.02038
-0.203584 -0.17195 -0.96384 18.5507
0 0 0 1

0.580191 0.814476 -0.00257504 -30.0921
-0.814478 0.580195 0.000641898 -85.6646
0.00201681 0.00172492 0.999996 14.9098
0 0 0 1

0.53024 -0.836947 0.135513 45.0336
-0.641299 -0.50046 -0.581614 -53.3742
0.5546 0.221491 -0.802098 22.2309
0 0 0 1

-0.586674 0.663081 0.464907 129.336
0.684565 0.712771 -0.152736 -4.97401
-0.432648 0.228652 -0.872086 21.1167
0 0 0 1

0.018537 -0.957157 -0.288976 15.6063
-0.159627 -0.288151 0.944186 134.866
-0.987003 0.0286261 -0.15813 37.4701
0 0 0 1

-0.186317 -0.969843 -0.157133 -16.1941
-0.897849 0.233016 -0.373593 -33.0009
0.398941 0.0714749 -0.914187 38.8593
0 0 0 1

-0.745048 0.514423 0.424584 85.2393
-0.666979 -0.56838 -0.481751 109.438
-0.00649896 -0.642116 0.76658 30.9948
0 0 0 1

0.328608 0.893482 0.306114 8.41213
-0.939591 0.342154 0.00995978 61.8632
-0.0958391 -0.290895 0.951943 24.2795
0 0 0 1

0.803898 0.154593 0.574324 -41.4388
-0.470391 0.756189 0.454874 -152.398
-0.363978 -0.63583 0.680618 49.8979
0 0 0 1

-0.198495 0.972274 -0.123627 -42.7376
0.763705 0.232491 0.602248 62.6106
0.614292 0.0251284 -0.788679 62.9772
0 0 0 1

0.792528 0.547642 0.268306 62.0293
-0.351892 0.770002 -0.53223 36.1448
-0.498068 0.327392 0.802959 32.1537
0 0 0 1

-0.463546 -0.70552 -0.536066 -155.351
-0.739582 0.641265 -0.204443 -42.5829
0.488 0.301696 -0.819046 26.3652
0 0 0 1

0.35218 0.935906 0.00704819 115.095
-0.856277 0.325238 -0.401261 -102.175
-0.377834 0.135281 0.915937 25.8659
0 0 0 1

0.885432 0.463935 0.0278412 -118.103
0.455296 -0.877859 0.148553 -14.251
0.0933598 -0.118858 -0.988512 46.1713
0 0 0 1

0.775083 0.605267 0.181382 10.0276
0.567953 -0.793169 0.219801 11.4632
0.276905 -0.0673479 -0.958534 61.8852
0 0 0 1

0.77412 0.18018 0.606855 -64.3397
-0.0983923 -0.912741 0.396513 -74.1566
0.625345 -0.366658 -0.688843 70.9186
0 0 0 1

0.456206 -0.838943 -0.296733 41.6805
0.885191 0.393669 0.247913 -147.466
-0.0911697 -0.375765 0.92222 27.6119
0 0 0 1

-0.0853218 -0.606947 0.790149 -152.8
0.963948 -0.250896 -0.0886354 58.9665
0.252042 0.754099 0.606472 42.1285
0 0 0 1

-0.191361 0.559282 -0.806588 145.941
0.668159 -0.527743 -0.524453 -55.394
-0.718988 -0.639289 -0.2727 88.2567
0 0 0 1

0.167323 0.344678 0.923688 -171.35
0.117209 -0.937207 0.32849 2.3193
0.97891 0.0533002 -0.197216 91.4185
0 0 0 1

