-0.294932 -0.954784 -0.0374446 -65.6392
-0.853819 0.280931 -0.438258 34.8895
0.428961 -0.0972854 -0.898069 22.8125
0 0 0 1

-0.778408 -0.589353 -0.216203 -6.51487
-0.598664 0.800551 -0.0268406 -8.44869
0.1889 0.10854 -0.975979 7.61712
0 0 0 1

0.7191 0.694907 -0.000149578 93.6418
-0.694907 0.7191 0.000687079 119.806
0.000585019 -0.000390141 1 14.9597
0 0 0 1

-0.483019 -0.750446 -0.451136 -128.206
-0.87496 0.393821 0.281691 99.6997
-0.0337271 0.530788 -0.846833 26.4029
0 0 0 1

-0.778011 0.628016 0.017163 89.5222
0.627371 0.778077 -0.0316633 -125.495
-0.0332392 -0.013867 -0.999351 18.7852
0 0 0 1

0.123671 -0.991401 -0.0427723 64.3021
-0.903068 -0.0945773 -0.418954 -52.2443
0.411307 0.090439 -0.906999 25.4595
0 0 0 1

0.949431 -0.313195 0.0221213 -45.7499
0.313808 0.944275 -0.0993424 146.142
0.010225 0.101261 0.994807 17.1431
0 0 0 1

-0.764626 0.57152 -0.297844 -141.103
0.633127 0.752473 -0.181476 -71.2129
0.120402 -0.327335 -0.937206 22.2786
0 0 0 1

0.435387 -0.89901 -0.0471114 146.578
0.832973 0.42215 -0.357694 43.6183
0.341458 0.116493 0.93265 24.6015
0 0 0 1

0.662308 0.748731 -0.0273656 19.7728
0.710217 -0.615768 0.341206 111.866
0.238621 -0.245419 -0.93959 19.9187
0 0 0 1

-0.1217 0.887357 -0.444731 -6.24395
-0.329237 -0.458784 -0.8253 -83.5526
-0.936372 0.0459828 0.347985 34.1158
0 0 0 1

0.182687 -0.150419 -0.971596 181.373
0.980718 -0.0418833 0.190886 -34.8481
-0.0694066 -0.987735 0.139867 43.4583
0 0 0 1

0.386709 0.90285 0.187928 57.92
0.89393 -0.316916 -0.316944 21.4836
-0.226596 0.29056 -0.929639 27.6893
0 0 0 1

0.555309 0.814239 0.169254 -59.2692
-0.758281 0.412148 0.505117 -144.54
0.341528 -0.408838 0.846292 28.5415
0 0 0 1

0.214716 -0.853229 -0.475285 133.611
0.967742 0.120189 0.221428 -18.7453
-0.131805 -0.507498 0.851512 56.4386
0 0 0 1

0.449979 -0.857413 -0.249723 -55.6468
-0.812777 -0.277338 -0.512325 54.0916
0.370017 0.433505 -0.821682 43.6134
0 0 0 1

-0.249302 0.333179 -0.909308 -168.847
0.842175 -0.388973 -0.37342 17.3356
-0.478111 -0.85889 -0.183623 46.7519
0 0 0 1

0.284065 -0.938742 0.195118 -13.1042
0.79377 0.116103 -0.597033 -2.71469
0.537806 0.324475 0.778126 63.282
0 0 0 1

-0.912966 -0.286639 -0.290397 113.599
0.303192 -0.952845 -0.0126772 89.4854
-0.273069 -0.0996199 0.956822 54.8091
0 0 0 1

0.00125772 0.968672 0.24834 32.8034
-0.0523324 -0.247936 0.967362 173.81
0.998629 -0.014213 0.0503811 49.9363
0 0 0 1

