0.342883 0.939377 0.0010173 -84.4644
-0.93937 0.342876 0.00442143 -76.5455
0.00380449 -0.00247167 0.99999 14.9056
0 0 0 1

-0.8929 -0.438449 0.102434 -80.3054
-0.435026 0.781408 -0.447386 80.0581
0.116113 -0.444032 -0.888456 23.2882
0 0 0 1

0.928336 0.37174 0.000757873 54.4335
-0.371741 0.928337 6.44485e-05 51.774
-0.000679613 -0.000341613 1 14.9501
0 0 0 1

0.784905 0.597887 -0.162654 -23.6504
0.614591 -0.717866 0.327026 -108.818
0.0787608 -0.35665 -0.930912 21.0514
0 0 0 1

0.923548 0.0554557 0.379451 45.6818
-0.00602707 0.991465 -0.130231 -141.208
-0.383434 0.117987 0.916001 25.6983
0 0 0 1

0.889891 -0.454533 -0.0386541 -5.01483
0.445881 0.884582 -0.136762 -17.4169
0.0963557 0.104468 0.989849 17.1777
0 0 0 1

0.832129 -0.55456 0.00493333 -9.14719
0.554554 0.831966 -0.017379 152.63
0.00553339 0.0171974 0.999837 15.0698
0 0 0 1

-0.972983 -0.230438 0.0142149 123.522
-0.219664 0.905024 -0.364252 -91.963
0.0710726 -0.357534 -0.931192 22.4621
0 0 0 1

0.0933077 -0.918805 -0.383524 16.1935
0.89354 0.247193 -0.37481 97.3725
0.439182 -0.307721 0.844054 45.2289
0 0 0 1

0.852852 -0.0980981 0.512855 163.423
-0.0747723 -0.995015 -0.0659824 -4.43717
0.516771 0.0179259 -0.855936 23.1065
0 0 0 1

-0.301189 -0.273407 0.913528 -101.793
-0.755989 -0.515424 -0.403508 130.639
0.581176 -0.81215 -0.0514529 49.7257
0 0 0 1

0.773829 0.609549 -0.172159 113.096
-0.613966 0.788657 0.0326461 17.3128
0.155673 0.0804369 0.984528 39.5038
0 0 0 1

0.689656 -0.723539 -0.0294113 -121.769
0.704898 0.661479 0.256055 -6.18891
-0.165811 -0.197322 0.966215 22.4877
0 0 0 1

0.166306 0.94958 0.265783 39.6407
-0.914304 0.249444 -0.319103 -47.7385
-0.369311 -0.189938 0.909688 29.7028
0 0 0 1

-0.253981 -0.61806 0.743972 -155.96
0.579616 -0.713038 -0.394489 62.5009
0.774299 0.331026 0.539336 35.5657
0 0 0 1

0.989238 0.0140827 -0.145637 -10.0263
0.00396011 0.992416 0.122863 21.7586
0.146262 -0.122118 0.98168 47.6108
0 0 0 1

0.28924 0.942624 0.166732 117.589
-0.878325 0.192075 0.43778 104.107
0.380638 -0.273068 0.883487 32.1774
0 0 0 1

0.8507 0.513143 0.113989 70.5523
0.519255 -0.854078 -0.030407 -87.0094
0.0817526 0.0850567 -0.993017 51.4499
0 0 0 1

-0.115618 -0.674399 -0.729259 -32.1322
0.993289 -0.0807341 -0.0828174 142.027
-0.00302406 -0.73394 0.679208 56.4858
0 0 0 1

-0.487347 -0.715765 -0.500174 -134.291
0.871753 -0.431866 -0.231383 -90.8112
-0.0503926 -0.548792 0.834439 35.6951
0 0 0 1

