0.472278 -0.876921 -0.0892399 -11.0695
-0.836505 -0.413978 -0.359001 -7.53326
0.277872 0.244198 -0.929061 15.6578
0 0 0 1

-0.390779 0.848951 0.355772 100.519
0.656042 0.527985 -0.539296 -90.1676
-0.645679 0.0226562 -0.763273 28.2425
0 0 0 1

0.607499 0.792945 0.0467155 130.39
0.793679 -0.608321 0.0044053 3.57914
0.0319112 0.0344009 -0.998899 18.229
0 0 0 1

-0.77932 0.626625 0.00131568 -126.946
-0.626625 -0.779321 0.000325636 86.7682
0.00122941 -0.000570808 0.999999 14.9577
0 0 0 1

0.161462 0.976581 -0.142193 -12.5651
-0.887591 0.0807169 -0.453505 -96.3514
-0.431407 0.199433 0.879838 26.7904
0 0 0 1

0.880662 -0.388461 0.271168 -76.603
0.375277 0.921378 0.101144 132.914
-0.289139 0.0126893 0.957203 23.0501
0 0 0 1

0.915624 0.0247393 0.401274 73.5045
0.00622219 -0.998857 0.0473837 106.946
0.401988 -0.0408888 -0.914731 22.5564
0 0 0 1

0.263568 0.892308 -0.366495 -109.342
0.963271 -0.223217 0.149277 19.814
0.0513931 -0.392379 -0.918367 19.6122
0 0 0 1

0.860927 -0.460704 0.21577 19.7156
0.398634 0.874435 0.276505 28.2864
-0.316064 -0.152038 0.936477 33.6825
0 0 0 1

-0.795755 0.508178 0.329437 -30.2199
-0.540983 -0.84098 -0.00947754 73.8704
0.272234 -0.185761 0.94413 25.8196
0 0 0 1

0.997455 0.0408074 -0.0584638 23.0799
-0.0644896 0.866067 -0.495751 -157.479
0.0304033 0.49826 0.866494 27.0911
0 0 0 1

-0.641346 -0.191422 -0.742989 139.962
0.767164 -0.174586 -0.617235 115.131
-0.0115629 -0.965856 0.258822 44.5666
0 0 0 1

-0.935737 -0.185537 0.299954 -79.391
0.345292 -0.655281 0.671849 -142.307
0.0719014 0.732245 0.677235 41.6188
0 0 0 1

0.791231 -0.517231 0.32623 -110.85
-0.610161 -0.703263 0.364862 -61.522
0.0407078 -0.487743 -0.872038 24.0137
0 0 0 1

-0.525018 -0.820402 0.226487 -134.847
-0.729251 0.570839 0.377274 -73.9246
-0.438804 0.0329098 -0.89798 46.7053
0 0 0 1

-0.192396 0.979031 -0.0669422 123.671
0.881193 0.202383 0.427246 59.1542
0.431836 0.0232114 -0.901654 53.6899
0 0 0 1

-0.955057 0.251158 -0.157436 -4.19283
0.285766 0.921254 -0.263873 152.179
0.0787647 -0.297004 -0.951622 21.1121
0 0 0 1

0.965642 0.123961 -0.228407 -12.3785
0.0656137 -0.966724 -0.247264 -65.1336
-0.251458 0.223782 -0.941642 64.9336
0 0 0 1

-0.881587 0.470417 -0.0388747 82.9789
-0.405866 -0.797504 -0.446385 -0.425538
-0.24099 -0.377749 0.893996 54.2763
0 0 0 1

-0.910757 -0.0141063 0.4127 159.16
-0.408576 0.175728 -0.895648 -38.827
-0.0598886 -0.984338 -0.165809 71.1704
0 0 0 1

