0.677375 -0.735637 -0.000787228 83.5507
0.735638 0.677375 -1.95106e-06 -27.7452
0.000534716 -0.000577778 1 14.926
0 0 0 1

0.204438 -0.976974 -0.0610464 91.3237
-0.97344 -0.19634 -0.11775 46.8768
0.103053 0.0834976 -0.991165 20.1012
0 0 0 1

0.102769 -0.993176 0.0551315 -9.88677
0.0849852 -0.0464554 -0.995299 76.4605
0.991068 0.106971 0.0796311 40.9908
0 0 0 1

-0.987987 0.151297 -0.0314767 -0.984591
0.150846 0.988424 0.0162306 151.812
0.033568 0.0112874 -0.999373 18.7407
0 0 0 1

0.183476 -0.884821 -0.428286 75.5713
-0.98296 -0.170127 -0.0696196 132.084
-0.0112623 0.433762 -0.900957 22.8576
0 0 0 1

0.516519 -0.813739 -0.266526 -110.333
-0.830124 -0.552207 0.0772086 -58.9302
-0.210005 0.18137 -0.96073 20.5835
0 0 0 1

-0.808507 0.558984 -0.183994 -52.9552
0.576345 0.815312 -0.0556114 10.1758
0.118927 -0.151006 -0.981353 18.7655
0 0 0 1

0.603855 0.796658 0.0263512 15.4864
-0.758302 0.563966 0.326987 -154.445
0.245635 -0.217435 0.944662 23.7832
0 0 0 1

-0.96665 -0.256102 -0.00011225 -121.295
-0.256102 0.96665 0.000195428 89.8138
5.84759e-05 0.000217599 -1 18.2979
0 0 0 1

0.299408 0.894093 0.333096 116.056
-0.953679 0.269767 0.133123 105.633
0.0291656 -0.357525 0.933448 40.7048
0 0 0 1

0.908478 0.132683 0.396313 12.6963
0.00990613 0.941165 -0.337803 19.004
-0.417816 0.310813 0.853713 36.7474
0 0 0 1

0.589827 0.806702 0.0365372 12.6823
-0.802285 0.590545 -0.0871489 -73.0397
-0.0918802 0.0220896 0.995525 25.5737
0 0 0 1

-0.800347 0.498615 -0.332907 23.0629
0.486516 0.86463 0.125369 152.506
0.350353 -0.0616262 -0.934588 62.8169
0 0 0 1

-0.206867 0.759669 0.616529 145.036
-0.566585 -0.606757 0.557519 14.5476
0.797614 -0.233984 0.555935 61.314
0 0 0 1

0.758994 0.4979 -0.419552 -84.6707
-0.19054 -0.446313 -0.874357 123.768
-0.622594 0.743572 -0.243879 47.529
0 0 0 1

-0.128928 0.143254 -0.981252 183.513
-0.386473 0.904012 0.182757 -26.178
0.913245 0.40279 -0.0611889 42.1963
0 0 0 1

-0.512618 0.758647 0.40209 -80.6378
-0.852249 -0.392647 -0.345689 -103.434
-0.104377 -0.519887 0.847834 32.1304
0 0 0 1

0.983032 0.161088 0.0877482 101.513
-0.132168 0.953705 -0.270145 -116.922
-0.127203 0.253963 0.958813 22.6661
0 0 0 1

-0.0626619 -0.185475 -0.980649 -125.785
-0.0510171 0.981891 -0.18245 88.3309
0.99673 0.0385973 -0.0709895 73.399
0 0 0 1

0.492304 0.823907 -0.280737 93.2651
-0.627032 0.11199 -0.770901 -35.9614
-0.603712 0.555549 0.57175 66.9436
0 0 0 1

