0.778373 0.627776 -0.00570443 83.0456
-0.627801 0.778354 -0.00549774 67.7045
0.000988724 0.00786058 0.999969 15.0733
0 0 0 1

0.290979 -0.956714 0.00543934 -16.8061
0.956728 0.290964 -0.00337212 48.7036
0.00164349 0.00618519 0.999979 14.964
0 0 0 1

0.891005 0.45252 -0.0365515 89.4991
-0.451054 0.873215 -0.184516 -26.6749
-0.0515797 0.180891 0.98215 20.107
0 0 0 1

0.891855 0.288512 -0.348361 -141.546
0.259702 -0.957186 -0.127865 -62.0013
-0.370337 0.0235672 -0.928598 21.3887
0 0 0 1

0.694908 0.552033 -0.460828 -136.94
0.470897 -0.833659 -0.288562 20.0626
-0.543469 -0.0164783 -0.839267 22.6323
0 0 0 1

-0.350397 -0.909942 0.221871 11.0568
-0.933532 0.320144 -0.161328 -154.16
0.0757688 -0.263652 -0.961637 20.6858
0 0 0 1

-0.989118 -0.119718 0.085517 82.1688
0.141039 -0.93702 0.319532 129.584
0.0418773 0.328116 0.943709 25.8185
0 0 0 1

0.537038 0.782771 -0.314418 14.7877
0.838733 -0.455683 0.298127 0.578635
0.0900902 -0.423818 -0.901256 38.4825
0 0 0 1

-0.0485108 0.966861 -0.250652 -55.1724
-0.980207 0.00213983 0.197962 -118.49
0.191938 0.255294 0.947621 23.2805
0 0 0 1

-0.889776 0.43499 0.138138 -55.0349
-0.453701 -0.875885 -0.164259 -30.1626
0.0495419 -0.208827 0.976697 20.7461
0 0 0 1

0.967052 0.254579 0.000827193 -30.8157
0.25458 -0.967046 -0.0033517 141.06
-5.33499e-05 0.0034519 -0.999994 18.2913
0 0 0 1

-0.342183 -0.910066 -0.233859 23.9704
-0.410119 0.368577 -0.834238 69.6953
0.845407 -0.189552 -0.499356 52.989
0 0 0 1

-0.145642 0.965666 -0.215121 -105.055
0.942657 0.201453 0.266109 -43.3079
0.300309 -0.164029 -0.939632 45.62
0 0 0 1

0.836885 0.0708823 0.54277 162.333
0.049094 -0.997304 0.0545447 21.3247
0.545173 -0.0190008 -0.838108 24.1243
0 0 0 1

-0.13546 -0.855833 0.4992 70.9356
0.907587 0.0949124 0.408996 -117.232
-0.397412 0.50847 0.763886 36.1045
0 0 0 1

-0.643482 -0.726404 0.241389 -14.7233
0.750504 -0.536682 0.385636 -92.3076
-0.150579 0.429313 0.890514 42.2725
0 0 0 1

0.364195 0.441581 -0.819981 -126.704
0.802905 0.297268 0.516697 127.256
0.471918 -0.846545 -0.246283 47.6575
0 0 0 1

-0.647795 -0.68403 -0.335357 137.901
-0.761058 0.561453 0.324902 -70.3124
-0.0339553 0.465696 -0.884293 24.5143
0 0 0 1

0.991419 0.0450332 0.122716 9.97837
0.0369885 -0.997063 0.0670641 -112.765
0.125376 -0.0619495 -0.990173 76.6614
0 0 0 1

-0.20208 -0.394504 0.896398 -31.741
-0.829868 -0.417071 -0.370635 -52.2495
0.520079 -0.81879 -0.243105 82.6037
0 0 0 1

