0.823619 -0.399864 -0.402195 -72.8726
-0.354553 -0.916521 0.185154 -51.8993
-0.442656 -0.00989703 -0.896637 22.884
0 0 0 1

0.465639 -0.587114 -0.662176 -38.9144
-0.623978 -0.74841 0.224795 64.4138
-0.62756 0.308511 -0.714836 22.5442
0 0 0 1

0.639483 0.755703 0.141333 11.5896
-0.767351 0.638696 0.0569138 -6.52907
-0.0472588 -0.144847 0.988325 18.4935
0 0 0 1

0.144844 -0.989451 -0.00270754 145.899
0.989454 0.144843 0.000745372 -48.6443
-0.000345336 -0.00278687 0.999996 14.9844
0 0 0 1

0.935527 -0.296949 -0.191339 -14.6595
-0.232026 -0.924957 0.301028 -84.9944
-0.26637 -0.237224 -0.934223 22.3643
0 0 0 1

0.977033 0.212439 0.0166259 105.665
0.208188 -0.968289 0.138113 112.6
0.0454392 -0.13148 -0.990277 20.1438
0 0 0 1

0.81231 0.375373 0.446372 68.375
-0.411951 0.911057 -0.0164753 7.68147
-0.412855 -0.1705 0.894696 26.589
0 0 0 1

0.978585 -0.0705738 -0.193369 68.8932
0.0549162 0.994851 -0.085176 -105.875
0.198384 0.0727329 0.977422 20.6074
0 0 0 1

0.880594 0.369267 0.296977 29.3658
-0.425771 0.891668 0.153777 80.7441
-0.20802 -0.261859 0.942421 50.6903
0 0 0 1

-0.766605 0.6419 0.016783 99.0204
-0.621357 -0.748156 0.232762 -64.8543
0.161966 0.168008 0.972389 46.4223
0 0 0 1

-0.955306 -0.0938033 -0.280341 21.2982
-0.095006 0.995433 -0.0093282 91.9902
0.279936 0.0177228 -0.959855 20.6309
0 0 0 1

0.912679 0.0988282 0.396547 137.295
-0.172168 0.972993 0.153765 25.7633
-0.370641 -0.208611 0.905045 28.4817
0 0 0 1

0.259675 -0.943056 -0.20788 -5.8019
-0.908239 -0.311644 0.279249 -95.2087
-0.328132 0.116291 -0.937446 44.0892
0 0 0 1

-0.899465 -0.401339 0.172886 36.5984
-0.087484 0.552994 0.828579 -159.366
-0.428146 0.730153 -0.53251 42.4834
0 0 0 1

0.871779 0.272674 0.407002 -93.0154
-0.217682 0.959871 -0.176809 -64.5315
-0.438881 0.0655416 0.896152 62.4492
0 0 0 1

0.396974 0.824201 0.403863 -18.4779
-0.857239 0.490169 -0.157717 -14.5354
-0.327952 -0.283598 0.901122 69.9792
0 0 0 1

-0.935602 0.144393 -0.32218 94.1084
0.0381725 0.948565 0.314273 120.895
0.350987 0.281736 -0.892991 54.0075
0 0 0 1

-0.912494 0.0449539 0.406612 150.35
-0.100317 0.939008 -0.32894 43.1891
-0.396599 -0.340946 -0.852329 65.6078
0 0 0 1

0.658555 -0.637692 0.399567 -48.4716
0.752035 0.576995 -0.318621 35.9156
-0.027366 0.510318 0.85955 61.3028
0 0 0 1

-0.718808 0.611632 0.330485 80.9846
0.537672 0.187741 0.821986 -131.062
0.440708 0.768543 -0.463808 58.3388
0 0 0 1

