0.0136935 0.937998 -0.346371 -18.4599
0.928262 -0.140687 -0.344293 -21.1953
-0.371676 -0.316808 -0.872634 20.6071
0 0 0 1

0.662597 0.745895 0.0678681 149.376
0.742891 -0.666037 0.0671421 2.95563
0.0952836 0.00593051 -0.995432 19.0182
0 0 0 1

0.763601 -0.639607 0.0884091 18.0431
-0.645102 -0.761556 0.0622565 80.7615
0.0275088 -0.104572 -0.994137 19.2376
0 0 0 1

0.7586 0.614491 0.216625 105.875
-0.642936 0.759884 0.0959668 114.321
-0.10564 -0.212077 0.971527 21.413
0 0 0 1

-0.52182 -0.0259366 -0.852661 -158.661
-0.764274 0.458213 0.45379 88.6162
0.378931 0.888464 -0.258927 44.2428
0 0 0 1

0.858988 -0.284629 -0.425589 32.8664
-0.224899 -0.956508 0.185777 3.97472
-0.459957 -0.0638653 -0.885642 25.1453
0 0 0 1

0.896317 0.443412 0.00104378 -105.797
-0.443365 0.896181 0.0169684 13.9123
0.00658862 -0.0156719 0.999856 15.4189
0 0 0 1

-0.96444 0.15097 -0.216943 -82.3224
-0.17997 -0.976238 0.120711 -111.746
-0.193565 0.155461 0.968692 21.9125
0 0 0 1

-0.613187 0.545734 0.571117 138.395
-0.720414 -0.682924 -0.12091 -86.6392
0.324045 -0.485581 0.811915 33.3645
0 0 0 1

0.600525 -0.799599 -0.00323912 45.614
0.799605 0.600513 0.00408979 -126.821
-0.00132504 -0.0050461 0.999987 15.0134
0 0 0 1

0.771738 0.624984 0.117535 12.4771
-0.200906 0.0642512 0.977501 -177.262
0.603371 -0.777989 0.175148 45.4824
0 0 0 1

0.839838 0.153236 0.52076 58.2278
0.320395 -0.914337 -0.247658 65.4901
0.4382 0.374841 -0.816991 59.7519
0 0 0 1

-0.656859 -0.674336 -0.337353 81.0433
-0.674293 0.725565 -0.137423 -67.4718
0.33744 0.137207 -0.931294 25.0596
0 0 0 1

-0.578474 0.472924 0.664613 -50.1488
0.580792 0.810906 -0.0715057 26.3169
-0.572755 0.344638 -0.743758 50.9005
0 0 0 1

0.124794 -0.0120262 0.99211 -162.928
0.921863 -0.368329 -0.120423 -49.2844
0.366871 0.929618 -0.0348787 47.8935
0 0 0 1

-0.702991 0.0484228 0.709548 -5.15781
0.0481241 0.998632 -0.0204717 67.6455
-0.709569 0.0197549 -0.70436 52.4575
0 0 0 1

0.938384 -0.255841 -0.232337 -103.429
0.159753 0.917264 -0.364836 -41.1899
0.306454 0.30524 0.901617 43.2703
0 0 0 1

0.533798 -0.833059 -0.145161 13.6219
-0.762887 -0.548481 0.342305 -16.7643
-0.364778 -0.0719798 -0.928308 66.313
0 0 0 1

0.75349 0.311043 0.579228 15.8565
0.567572 0.136928 -0.811857 -25.049
-0.331835 0.94048 -0.0733651 122.331
0 0 0 1

-0.930992 0.0479199 -0.361881 -69.009
-0.189278 -0.911039 0.366307 122.451
-0.312134 0.409525 0.857241 28.8722
0 0 0 1

