-0.511339 0.859377 -0.00152159 -57.4025
-0.859378 -0.51134 2.654e-05 6.55292
-0.000755288 0.00132117 0.999999 14.9371
0 0 0 1

0.307834 -0.937155 0.164252 -6.78321
-0.791749 -0.348053 -0.501989 66.8458
0.52761 0.0244825 -0.849134 23.4199
0 0 0 1

-0.351158 -0.922586 0.159759 44.7582
0.80828 -0.38482 -0.445643 2.18088
0.472622 -0.0273613 0.88084 26.8439
0 0 0 1

-0.511375 -0.859357 0.000642359 79.5999
0.859358 -0.511375 8.69791e-05 -131.827
0.000253745 0.000596501 1 14.97
0 0 0 1

0.760308 -0.229303 -0.607743 95.1635
0.175698 -0.828144 0.532266 103.565
-0.625349 -0.511466 -0.589357 46.7385
0 0 0 1

-0.559951 -0.828524 -0.00151795 81.4933
0.828525 -0.559952 0.000364737 130.395
-0.00115218 -0.00105348 0.999999 14.9356
0 0 0 1

0.0811624 0.982389 0.168297 -74.4117
-0.941135 0.0199456 0.337442 -135.504
0.328143 -0.185778 0.92618 25.0728
0 0 0 1

0.0835709 0.993905 -0.0718878 -21.4282
-0.65106 0.109073 0.751148 149.681
0.754411 -0.0159709 0.656208 32.014
0 0 0 1

-0.35696 0.926354 -0.120196 -14.1147
0.916813 0.32278 -0.235088 -102.992
-0.178977 -0.194115 -0.964514 18.888
0 0 0 1

0.506084 0.735028 0.451235 -62.4448
0.694813 -0.657417 0.291612 -34.9839
0.510993 0.165944 -0.843415 35.3187
0 0 0 1

-0.959924 0.181549 0.213509 26.917
-0.108786 -0.943457 0.313135 -86.5419
0.258286 0.277359 0.925397 39.587
0 0 0 1

0.876982 0.399547 -0.266954 69.2722
-0.429372 0.900994 -0.062042 120.613
0.215735 0.169032 0.96171 94.032
0 0 0 1

-0.44013 0.861641 -0.252707 -118.39
-0.796504 -0.244699 0.552904 -95.9757
0.414568 0.444632 0.794 36.7925
0 0 0 1

0.987462 0.0373838 -0.153365 29.8828
-0.0995512 -0.606515 -0.788815 -55.5884
-0.122507 0.794192 -0.59519 64.2997
0 0 0 1

0.635014 0.768974 -0.0737224 -151.336
-0.76162 0.639174 0.106736 23.788
0.129199 -0.0116307 0.99155 18.6637
0 0 0 1

-0.581989 0.795924 0.166713 124.22
-0.793414 -0.510825 -0.330988 -24.0157
-0.17828 -0.324904 0.928791 24.9382
0 0 0 1

0.154649 0.96957 0.189782 -117.499
0.924279 -0.0741304 -0.37445 79.0313
-0.348987 0.23332 -0.907618 27.2854
0 0 0 1

-0.540126 -0.800851 0.258654 122.111
0.829746 -0.558123 0.00461836 -96.2199
0.140662 0.217111 0.965959 36.9262
0 0 0 1

0.212541 -0.961273 0.175441 -19.8143
-0.975655 -0.218703 -0.0163405 -0.418423
0.0540772 -0.167697 -0.984354 81.1096
0 0 0 1

-0.0512038 0.99318 -0.104748 60.1589
0.940586 0.0127053 -0.339319 -12.0168
-0.335674 -0.115899 -0.934821 64.5966
0 0 0 1

